"pc","ca"
5AB,E08000028
5AD,E08000028
5AF,E08000028
5AJ,E08000028
5AL,E08000028
5AP,E08000028
5AS,E08000028
5AW,E08000028
5AX,E08000028
5AY,E08000028
5AZ,E08000028
5BA,E08000028
5BB,E08000028
5BG,E08000028
5BH,E08000028
5BJ,E08000028
5BL,E08000028
5BN,E08000028
5BS,E08000028
5BT,E08000028
5BW,E08000028
5BX,E08000028
5BY,E08000028
5BZ,E08000028
5DB,E08000028
5DD,E08000028
5DE,E08000028
5DF,E08000028
5DG,E08000028
5DH,E08000028
5DJ,E08000028
5DP,E08000028
5DQ,E08000028
5DR,E08000028
5DT,E08000028
5DW,E08000028
5DX,E08000028
5DY,E08000028
5EA,E08000028
5EB,E08000028
5EH,E08000028
5EJ,E08000028
5EL,E08000028
5EN,E08000028
5EP,E08000028
5EQ,E08000028
5ER,E08000028
5ET,E08000028
5EU,E08000028
5EW,E08000028
5EX,E08000028
5HA,E08000028
5HE,E08000028
5HF,E08000028
5HG,E08000028
5HH,E08000028
5HJ,E08000028
5HL,E08000028
5HP,E08000028
5HQ,E08000028
5HU,E08000028
5HW,E08000028
5HX,E08000028
5HY,E08000028
5JD,E08000028
5JE,E08000028
5JG,E08000028
5JJ,E08000028
5JL,E08000028
5JN,E08000028
5JP,E08000028
5JR,E08000028
5JT,E08000028
5JU,E08000028
5JY,E08000028
5JZ,E08000028
5LA,E08000028
5LB,E08000028
5LD,E08000028
5LE,E08000028
5LG,E08000028
5LJ,E08000028
5LL,E08000028
5LN,E08000028
5LP,E08000028
5LQ,E08000028
5LS,E08000028
5LT,E08000028
5LU,E08000028
5LW,E08000028
5LX,E08000028
5LY,E08000028
5NA,E08000028
5NB,E08000028
5ND,E08000028
5NE,E08000028
5NF,E08000028
5NG,E08000028
5NH,E08000028
5NJ,E08000028
5NL,E08000028
5NN,E08000028
5NP,E08000028
5NQ,E08000028
5NR,E08000028
5NS,E08000028
5NT,E08000028
5NU,E08000028
5NW,E08000028
5NY,E08000028
5NZ,E08000028
5PA,E08000028
5PB,E08000028
5PD,E08000028
5PH,E08000028
5PJ,E08000028
5PL,E08000028
5PN,E08000028
5PP,E08000027
5PR,E08000028
5PS,E08000028
5PT,E08000028
5PW,E08000028
5PX,E08000028
5PY,E08000028
5QB,E08000028
5QF,E08000028
5QG,E08000027
5QH,E08000027
5QJ,E08000028
5QN,E08000028
5QQ,E08000027
5QR,E08000028
5QT,E08000028
5QU,E08000028
5QW,E08000028
5QX,E08000028
5QY,E08000027
5RE,E08000028
5RG,E08000028
5RN,E08000028
5RR,E08000028
5RT,E08000028
5RU,E08000028
5RY,E08000028
5RZ,E08000028
5SA,E08000028
5SD,E08000028
5SE,E08000028
5SF,E08000028
5SS,E08000028
6AA,E08000028
6AD,E08000028
6AG,E08000028
6AH,E08000028
6AJ,E08000028
6AN,E08000028
6AQ,E08000028
6AR,E08000028
6AS,E08000028
6AT,E08000028
6AU,E08000028
6AX,E08000028
6AZ,E08000027
6BA,E08000028
6BB,E08000028
6BD,E08000028
6BE,E08000028
6BH,E08000028
6BL,E08000028
6BP,E08000028
6BS,E08000028
6DA,E08000028
6DB,E08000028
6DD,E08000028
6DE,E08000028
6DG,E08000028
6DH,E08000028
6DL,E08000028
6DN,E08000028
6DP,E08000028
6DQ,E08000028
6DR,E08000028
6DS,E08000028
6DT,E08000028
6DU,E08000028
6DX,E08000028
6DY,E08000028
6DZ,E08000028
6EA,E08000028
6EB,E08000028
6ED,E08000028
6EE,E08000028
6EF,E08000028
6EG,E08000028
6EH,E08000028
6EL,E08000028
6EN,E08000028
6EP,E08000028
6EQ,E08000028
6ER,E08000028
6ET,E08000028
6EU,E08000028
6EW,E08000028
6EX,E08000028
6EY,E08000028
6EZ,E08000028
6HA,E08000028
6HB,E08000028
6HD,E08000027
6HE,E08000028
6HF,E08000028
6HH,E08000028
6HJ,E08000028
6HL,E08000028
6HN,E08000028
6HP,E08000028
6HQ,E08000028
6HR,E08000028
6HS,E08000028
6HT,E08000028
6HU,E08000028
6HX,E08000028
6HY,E08000028
6HZ,E08000028
6JA,E08000028
6JB,E08000028
6JD,E08000028
6JE,E08000028
6JH,E08000028
6JN,E08000028
6JP,E08000028
6JQ,E08000028
6JT,E08000028
6JU,E08000028
6JX,E08000028
6JY,E08000028
6JZ,E08000028
6LB,E08000028
6LD,E08000028
6LF,E08000028
6LH,E08000028
6LJ,E08000028
6LL,E08000028
6LQ,E08000028
6LR,E08000028
6LT,E08000028
6LX,E08000028
6NH,E08000028
6NJ,E08000028
6NL,E08000028
6NN,E08000028
6NP,E08000028
6NR,E08000028
6NS,E08000028
6NT,E08000028
6NU,E08000028
6NW,E08000028
6NX,E08000028
6PA,E08000028
6PB,E08000028
6PD,E08000028
6PG,E08000028
6PH,E08000028
6PJ,E08000028
6PL,E08000028
6PN,E08000028
6PS,E08000028
6PU,E08000028
6PW,E08000028
6QB,E08000028
6QD,E08000028
6QH,E08000028
6QJ,E08000028
6QP,E08000028
6QR,E08000028
6QT,E08000028
6QU,E08000028
6QX,E08000028
6QY,E08000028
6RA,E08000028
6RB,E08000028
6RD,E08000028
6RE,E08000028
6RG,E08000028
6RH,E08000028
6RJ,E08000028
6RL,E08000028
6RN,E08000028
6RP,E08000028
6RQ,E08000028
6RR,E08000028
6RS,E08000028
6RT,E08000028
6RU,E08000028
6RW,E08000028
6RX,E08000028
6RY,E08000028
6RZ,E08000028
6SA,E08000028
6SB,E08000028
6SD,E08000028
6SE,E08000028
6SF,E08000028
6SG,E08000028
6SH,E08000028
6SJ,E08000028
6SQ,E08000028
6WR,E08000027
7AA,E08000028
7AB,E08000028
7AE,E08000028
7AG,E08000028
7AH,E08000028
7AL,E08000028
7AN,E08000028
7AQ,E08000028
7AR,E08000028
7AW,E08000028
7AY,E08000028
7BB,E08000028
7BE,E08000028
7BG,E08000028
7BJ,E08000028
7BL,E08000028
7BN,E08000028
7BS,E08000028
7BT,E08000028
7BW,E08000028
7BY,E08000028
7DA,E08000028
7DD,E08000028
7DG,E08000028
7DN,E08000028
7DP,E08000028
7DQ,E08000027
7DR,E08000028
7DS,E08000028
7DT,E08000028
7DU,E08000028
7DW,E08000028
7DX,E08000028
7DY,E08000028
7DZ,E08000028
7EA,E08000028
7EB,E08000028
7ED,E08000028
7EE,E08000028
7EF,E08000028
7EG,E08000028
7EH,E08000028
7EJ,E08000028
7EL,E08000028
7EN,E08000028
7EP,E08000028
7EQ,E08000028
7ER,E08000028
7ES,E08000028
7ET,E08000028
7EU,E08000028
7EW,E08000028
7EX,E08000028
7EY,E08000028
7EZ,E08000028
7HA,E08000028
7HB,E08000028
7HD,E08000028
7HE,E08000028
7HF,E08000028
7HG,E08000028
7HH,E08000028
7HJ,E08000028
7HL,E08000028
7HN,E08000028
7HP,E08000028
7HQ,E08000028
7HR,E08000028
7HS,E08000028
7HT,E08000028
7HU,E08000028
7HW,E08000028
7HX,E08000028
7HY,E08000028
7HZ,E08000028
7JA,E08000028
7JD,E08000028
7JE,E08000028
7JF,E08000028
7JG,E08000028
7JH,E08000028
7JJ,E08000028
7JL,E08000028
7JN,E08000028
7JP,E08000028
7JR,E08000028
7JS,E08000028
7JT,E08000028
7JU,E08000028
7JW,E08000028
7JY,E08000028
7JZ,E08000028
7LA,E08000028
7LB,E08000028
7LD,E08000028
7LE,E08000028
7LF,E08000028
7LG,E08000028
7LH,E08000028
7LJ,E08000028
7LL,E08000028
7LN,E08000028
7LP,E08000028
7LQ,E08000028
7LR,E08000028
7LS,E08000028
7LT,E08000028
7LU,E08000028
7LW,E08000028
7LX,E08000028
7NA,E08000028
7NB,E08000028
7ND,E08000028
7NE,E08000028
7NF,E08000028
7NG,E08000028
7NH,E08000028
7NJ,E08000028
7NL,E08000028
7NP,E08000028
7NQ,E08000028
7NR,E08000028
7NS,E08000028
7PA,E08000028
7PB,E08000028
7PD,E08000028
7PE,E08000028
7PG,E08000028
7PH,E08000028
7PJ,E08000028
7PL,E08000028
7PN,E08000028
7PQ,E08000028
7PR,E08000028
7PS,E08000028
7PT,E08000028
7PU,E08000028
7PW,E08000028
7PX,E08000028
7QA,E08000028
7QB,E08000028
7QD,E08000028
7QE,E08000028
7QF,E08000028
7QG,E08000028
7QH,E08000028
7QJ,E08000028
7QL,E08000028
7QP,E08000028
7QQ,E08000028
7QR,E08000028
7RH,E08000028
7RP,E08000028
7RW,E08000028
