"pc","ca"
0AJ,E14000565
0AS,E14000565
0AT,E14000565
0AU,E14000605
0BD,E14000565
0BE,E14000565
0BG,E14000565
0BH,E14000565
0BJ,E14000565
0BL,E14000565
0BP,E14000565
0BQ,E14000565
0DA,E14000565
0DB,E14000565
0DD,E14000565
0DE,E14000565
0DF,E14000565
0DG,E14000565
0DH,E14000565
0DJ,E14000565
0DL,E14000565
0DN,E14000565
0DP,E14000565
0DQ,E14000565
0DR,E14000565
0DS,E14000565
0DT,E14000565
0DU,E14000565
0DW,E14000565
0EE,E14000565
0EF,E14000565
0EG,E14000565
0EH,E14000565
0EJ,E14000565
0EL,E14000565
0EN,E14000565
0EP,E14000565
0EQ,E14000565
0ER,E14000565
0ES,E14000565
0ET,E14000565
0EU,E14000565
0EW,E14000565
0HA,E14000565
0HB,E14000565
0HD,E14000565
0HE,E14000565
0HF,E14000565
0HG,E14000565
0HH,E14000565
0HJ,E14000565
0HL,E14000565
0HN,E14000565
0HP,E14000565
0HQ,E14000565
0HR,E14000565
0HS,E14000565
0HT,E14000565
0HU,E14000565
0HW,E14000565
0HX,E14000565
0HY,E14000565
0HZ,E14000565
0JA,E14000565
0JB,E14000565
0JD,E14000565
0JE,E14000565
0JF,E14000565
0JG,E14000565
0JH,E14000565
0JJ,E14000565
0JL,E14000565
0JN,E14000565
0JP,E14000565
0JQ,E14000565
0JR,E14000565
0JS,E14000565
0JT,E14000565
0JU,E14000565
0JW,E14000565
0JX,E14000565
0JY,E14000565
0JZ,E14000565
0LA,E14000565
0LB,E14000565
0LD,E14000565
0LG,E14000565
0LH,E14000565
0LJ,E14000565
0LL,E14000565
0LN,E14000565
0LP,E14000565
0LQ,E14000565
0LR,E14000565
0LS,E14000565
0LT,E14000565
0LU,E14000565
0LW,E14000565
0LX,E14000565
0LY,E14000565
0LZ,E14000565
0NA,E14000565
0NB,E14000565
0ND,E14000565
0NE,E14000565
0NF,E14000565
0NG,E14000565
0NH,E14000565
0NJ,E14000565
0NL,E14000565
0NN,E14000565
0NP,E14000565
0NQ,E14000565
0NR,E14000565
0NS,E14000565
0NT,E14000565
0NU,E14000565
0NW,E14000565
0NX,E14000565
0NZ,E14000565
0PB,E14000565
0PD,E14000565
5AN,E14000565
5BT,E14000565
5BY,E14000565
5DH,E14000565
5DJ,E14000565
5DP,E14000565
5DQ,E14000565
5DR,E14000565
5DS,E14000565
5DU,E14000565
5EJ,E14000565
5EL,E14000565
5EN,E14000565
5EP,E14000565
5ES,E14000565
5ET,E14000565
5EU,E14000565
5EW,E14000565
5EX,E14000565
5EY,E14000565
8AA,E14000605
8AB,E14000605
8AD,E14000605
8AE,E14000605
8AG,E14000565
8AH,E14000605
8AJ,E14000605
8AL,E14000605
8AN,E14000605
8AP,E14000605
8AQ,E14000605
8AR,E14000605
8AS,E14000605
8BB,E14000605
8BD,E14000605
8BE,E14000605
8BF,E14000605
8BH,E14000605
8BJ,E14000605
8BL,E14000605
8BN,E14000605
8BP,E14000605
8BS,E14000605
8BT,E14000605
8BU,E14000605
8BW,E14000605
8BX,E14000605
8BY,E14000605
8BZ,E14000605
8DA,E14000605
8DB,E14000605
8DE,E14000565
8DF,E14000565
8DH,E14000605
8DJ,E14000605
8DL,E14000565
8DP,E14000565
8DR,E14000565
8DS,E14000565
8DT,E14000565
8DU,E14000565
8DX,E14000565
8DY,E14000565
8DZ,E14000565
8EA,E14000565
8EB,E14000565
8ED,E14000565
8EE,E14000565
8EG,E14000565
8EH,E14000565
8EJ,E14000565
8EL,E14000565
8EN,E14000565
8EP,E14000565
8EQ,E14000605
8ER,E14000605
8ES,E14000605
8ET,E14000605
8EU,E14000605
8EX,E14000605
8EY,E14000605
8EZ,E14000605
8FD,E14000605
8FP,E14000605
8FQ,E14000605
8FX,E14000605
8GA,E14000605
8GB,E14000605
8GD,E14000605
8GG,E14000605
8GH,E14000605
8GP,E14000565
8GQ,E14000605
8GR,E14000605
8GS,E14000605
8GT,E14000605
8GU,E14000605
8GW,E14000605
8GX,E14000605
8GY,E14000605
8GZ,E14000605
8HA,E14000605
8HB,E14000605
8HD,E14000605
8HE,E14000605
8HF,E14000605
8HG,E14000605
8HH,E14000605
8HJ,E14000605
8HL,E14000605
8HN,E14000605
8HP,E14000605
8HQ,E14000605
8HR,E14000605
8HS,E14000605
8HT,E14000605
8HU,E14000605
8HW,E14000605
8HX,E14000605
8HY,E14000605
8HZ,E14000605
8JA,E14000605
8JB,E14000605
8JD,E14000605
8JE,E14000605
8JF,E14000605
8JG,E14000605
8JH,E14000605
8JJ,E14000605
8JL,E14000605
8JN,E14000605
8JP,E14000605
8JQ,E14000565
8JR,E14000605
8JS,E14000605
8JT,E14000605
8JU,E14000605
8JW,E14000605
8JX,E14000605
8JY,E14000605
8JZ,E14000605
8LA,E14000605
8LB,E14000605
8LD,E14000605
8LE,E14000605
8LF,E14000605
8LG,E14000605
8LH,E14000605
8LJ,E14000605
8LL,E14000605
8LN,E14000605
8LP,E14000605
8LQ,E14000605
8LR,E14000605
8LS,E14000605
8LT,E14000605
8LU,E14000605
8LW,E14000605
8LX,E14000605
8LY,E14000605
8LZ,E14000605
8NA,E14000605
8NB,E14000605
8ND,E14000605
8NE,E14000605
8NF,E14000605
8NG,E14000605
8NH,E14000605
8NJ,E14000605
8NL,E14000605
8NN,E14000565
8NP,E14000605
8NQ,E14000605
8NR,E14000605
8NS,E14000605
8NT,E14000605
8NU,E14000605
8NW,E14000605
8NX,E14000605
8NY,E14000605
8NZ,E14000605
8PA,E14000605
8PB,E14000605
8PE,E14000605
8PF,E14000605
8PG,E14000605
8PH,E14000605
8PJ,E14000605
8PL,E14000605
8PN,E14000605
8PP,E14000605
8PQ,E14000605
8PR,E14000605
8PS,E14000605
8PT,E14000605
8PU,E14000605
8PX,E14000605
8PY,E14000605
8PZ,E14000605
8QA,E14000605
8QB,E14000605
8QD,E14000565
8QE,E14000565
8QF,E14000565
8QG,E14000565
8QH,E14000565
8QJ,E14000565
8QL,E14000565
8QN,E14000565
8QP,E14000565
8QQ,E14000565
8QR,E14000605
8QS,E14000565
8QT,E14000565
8QU,E14000565
8QW,E14000565
8QX,E14000565
8QY,E14000565
8QZ,E14000605
8RA,E14000565
8RB,E14000565
8RD,E14000565
8RE,E14000565
8RF,E14000565
8RG,E14000565
8RH,E14000565
8RJ,E14000565
8RL,E14000565
8RN,E14000565
8RP,E14000605
8RQ,E14000565
8RR,E14000605
8RS,E14000605
8RT,E14000605
8RU,E14000565
8RW,E14000565
8RY,E14000565
8RZ,E14000565
8SA,E14000565
8SB,E14000565
8SD,E14000565
8SE,E14000565
8SF,E14000565
8SG,E14000565
8SH,E14000565
8SJ,E14000565
8SL,E14000565
8SN,E14000565
8SP,E14000565
8SQ,E14000565
8SR,E14000565
8SS,E14000565
8ST,E14000565
8SU,E14000565
8SW,E14000565
8SX,E14000565
8SY,E14000565
8SZ,E14000605
8TA,E14000565
8TB,E14000605
8TD,E14000565
8TE,E14000565
8TF,E14000565
8TG,E14000565
8TH,E14000565
8TJ,E14000565
8TL,E14000565
8TN,E14000565
8TP,E14000565
8TQ,E14000565
8TS,E14000565
8TT,E14000565
8TU,E14000565
8TW,E14000565
8TX,E14000565
8UA,E14000605
8UB,E14000605
8UD,E14000605
8UF,E14000605
8UG,E14000605
8UN,E14000565
8UQ,E14000605
8UR,E14000565
8US,E14000565
8UT,E14000565
8UU,E14000605
8UX,E14000605
8XA,E14000605
8XB,E14000605
8XH,E14000605
8XJ,E14000605
8XL,E14000605
8XR,E14000565
8XS,E14000605
8XT,E14000605
8XU,E14000565
8XX,E14000565
8XY,E14000565
8XZ,E14000565
9AA,E14000605
9AB,E14000605
9AD,E14000605
9AE,E14000605
9AF,E14000605
9AH,E14000565
9AJ,E14000605
9AL,E14000605
9AN,E14000565
9AS,E14000605
9AT,E14000605
9AU,E14000565
9AY,E14000565
9BE,E14000565
9BH,E14000565
9BJ,E14000565
9BL,E14000565
9BN,E14000565
9BP,E14000565
9BQ,E14000565
9BS,E14000565
9BU,E14000565
9BX,E14000565
9BY,E14000605
9BZ,E14000605
9DA,E14000605
9DB,E14000605
9DD,E14000605
9DE,E14000605
9DF,E14000605
9DG,E14000605
9DH,E14000605
9DJ,E14000605
9DL,E14000605
9DN,E14000605
9DP,E14000605
9DQ,E14000605
9DR,E14000605
9DS,E14000605
9DT,E14000605
9DX,E14000605
9DY,E14000605
9EA,E14000605
9EB,E14000605
9ED,E14000605
9EE,E14000605
9EG,E14000605
9EH,E14000605
9EJ,E14000605
9EL,E14000605
9EP,E14000605
9ER,E14000605
9ES,E14000605
9EU,E14000605
9EX,E14000605
9EY,E14000605
9FD,E14000565
9FF,E14000565
9FH,E14000565
9FN,E14000565
9FP,E14000565
9GB,E14000605
9HA,E14000605
9HB,E14000605
9HD,E14000605
9HE,E14000605
9HF,E14000565
9HG,E14000605
9HH,E14000605
9HJ,E14000605
9HL,E14000605
9HN,E14000605
9HP,E14000605
9HQ,E14000605
9HR,E14000605
9HT,E14000605
9HU,E14000605
9HW,E14000605
9HX,E14000605
9HY,E14000605
9HZ,E14000605
9JA,E14000605
9JB,E14000605
9JF,E14000605
9JG,E14000605
9JH,E14000605
9JL,E14000565
9JN,E14000605
9JP,E14000605
9JR,E14000605
9JS,E14000605
9JT,E14000605
9JW,E14000605
9JX,E14000605
9JY,E14000605
9JZ,E14000565
9LA,E14000605
9LB,E14000565
9LD,E14000565
9LE,E14000565
9LF,E14000565
9LG,E14000565
9LH,E14000565
9LJ,E14000605
9LL,E14000605
9LN,E14000605
9LP,E14000605
9LQ,E14000565
9LR,E14000605
9LS,E14000565
9LT,E14000565
9LU,E14000565
9LW,E14000605
9LX,E14000565
9LY,E14000565
9LZ,E14000565
9NA,E14000565
9NB,E14000565
9ND,E14000565
9NE,E14000565
9NF,E14000565
9NG,E14000565
9NH,E14000565
9NJ,E14000565
9NL,E14000565
9NN,E14000565
9NP,E14000565
9NQ,E14000565
9NR,E14000565
9NS,E14000565
9NT,E14000565
9NU,E14000565
9NW,E14000565
9NX,E14000565
9NY,E14000565
9PA,E14000565
9PB,E14000565
9PD,E14000565
9PE,E14000565
9PF,E14000565
9PG,E14000565
9PH,E14000565
9PJ,E14000565
9PL,E14000565
9PN,E14000565
9PR,E14000565
9PS,E14000565
9PT,E14000565
9PU,E14000565
9PX,E14000565
9PY,E14000565
9PZ,E14000565
9QA,E14000565
9QB,E14000565
9QD,E14000565
9QE,E14000565
9QF,E14000565
9QG,E14000605
9QH,E14000605
9QJ,E14000605
9QL,E14000605
9QN,E14000605
9QP,E14000605
9QQ,E14000605
9QR,E14000605
9QS,E14000605
9QT,E14000605
9QU,E14000605
9QW,E14000605
9QX,E14000605
9QY,E14000605
9QZ,E14000605
9RA,E14000605
9RB,E14000565
9RD,E14000565
9RE,E14000565
9RF,E14000565
9RG,E14000565
9RH,E14000565
9RL,E14000565
9RN,E14000565
9RP,E14000565
9RQ,E14000565
9RR,E14000565
9RS,E14000565
9RT,E14000565
9RU,E14000565
9RW,E14000565
9RX,E14000565
9RY,E14000565
9SA,E14000565
9SB,E14000565
9SD,E14000565
9SE,E14000565
9SF,E14000565
9SG,E14000565
9SH,E14000565
9SJ,E14000565
9SN,E14000565
9SP,E14000605
9SQ,E14000565
9SR,E14000605
9SS,E14000605
9ST,E14000605
9SU,E14000605
9SW,E14000565
9SX,E14000605
9SY,E14000605
9SZ,E14000565
9TA,E14000605
9TB,E14000605
9TD,E14000605
9TE,E14000605
9TF,E14000565
9TG,E14000605
9TH,E14000605
9TJ,E14000605
9TL,E14000605
9TN,E14000605
9TP,E14000605
9TQ,E14000565
9TR,E14000605
9TS,E14000605
9TT,E14000565
9TU,E14000565
9TW,E14000605
9TX,E14000565
9TY,E14000565
9TZ,E14000565
9UA,E14000565
9UB,E14000565
9UD,E14000565
9UE,E14000605
9UF,E14000565
9UG,E14000605
9UH,E14000605
9UJ,E14000605
9UL,E14000605
9UN,E14000605
9UP,E14000605
9UR,E14000605
9US,E14000605
9UT,E14000605
9UU,E14000605
9UW,E14000605
9UX,E14000605
9UY,E14000605
9WA,E14000565
9WB,E14000565
9WD,E14000565
9WE,E14000565
9WF,E14000565
9WL,E14000565
9XA,E14000605
9XB,E14000605
9XD,E14000605
9XE,E14000605
9XH,E14000605
9XL,E14000605
9XN,E14000605
9XR,E14000605
9XS,E14000565
9XT,E14000605
9XU,E14000605
9XZ,E14000605
9YB,E14000565
9YD,E14000565
9YE,E14000565
9YF,E14000565
9YG,E14000565
9YH,E14000565
9YN,E14000565
9YP,E14000565
9YQ,E14000565
9YW,E14000565
