"pc","ca"
0AA,N06000008
0AB,N06000008
0AD,N06000008
0AE,N06000008
0AF,N06000008
0AG,N06000008
0AH,N06000008
0AJ,N06000008
0AL,N06000008
0AN,N06000008
0AQ,N06000008
0AR,N06000008
0AS,N06000008
0AT,N06000008
0AU,N06000008
0AW,N06000008
0AX,N06000008
0AY,N06000008
0AZ,N06000008
0BA,N06000008
0BB,N06000008
0BD,N06000008
0BE,N06000008
0BF,N06000008
0BG,N06000008
0BH,N06000008
0BJ,N06000008
0BL,N06000008
0BN,N06000008
0BP,N06000008
0BQ,N06000008
0BS,N06000008
0BT,N06000008
0BU,N06000008
0BW,N06000008
0BX,N06000008
0BY,N06000008
0BZ,N06000008
0DB,N06000008
0DD,N06000008
0DE,N06000008
0DF,N06000008
0DG,N06000008
0DH,N06000008
0DJ,N06000008
0DL,N06000008
0DN,N06000008
0DP,N06000008
0DQ,N06000008
0DR,N06000008
0DS,N06000008
0DT,N06000008
0DU,N06000008
0DW,N06000008
0DX,N06000008
0DY,N06000008
0DZ,N06000008
0ED,N06000008
0EE,N06000008
0EF,N06000008
0EG,N06000008
0EH,N06000008
0EJ,N06000008
0EL,N06000008
0EN,N06000008
0EP,N06000008
0EQ,N06000008
0ER,N06000008
0ES,N06000008
0EU,N06000008
0EW,N06000008
0EY,N06000008
0EZ,N06000008
0FF,N06000008
0FG,N06000008
0FH,N06000008
0FJ,N06000008
0FL,N06000008
0GA,N06000008
0GB,N06000008
0GD,N06000008
0GF,N06000008
0GG,N06000008
0GH,N06000008
0GJ,N06000008
0GL,N06000008
0GN,N06000008
0GP,N06000008
0GX,N06000008
0GY,N06000008
0GZ,N06000008
0HA,N06000008
0HB,N06000008
0HD,N06000008
0HE,N06000008
0HF,N06000008
0HG,N06000008
0HH,N06000008
0HJ,N06000008
0HL,N06000008
0HN,N06000008
0HP,N06000008
0HQ,N06000008
0HR,N06000008
0HS,N06000008
0HT,N06000008
0HU,N06000008
0HW,N06000008
0HX,N06000008
0HY,N06000008
0JA,N06000008
0JD,N06000008
0JE,N06000008
0JF,N06000008
0JG,N06000008
0JH,N06000008
0JJ,N06000008
0JL,N06000008
0JN,N06000008
0JP,N06000008
0JQ,N06000008
0JR,N06000008
0JS,N06000008
0JT,N06000008
0JU,N06000008
0JW,N06000008
0JX,N06000008
0JY,N06000008
0JZ,N06000008
0LA,N06000008
0LB,N06000008
0LD,N06000008
0LE,N06000008
0LG,N06000008
0LH,N06000008
0LJ,N06000008
0LL,N06000008
0LN,N06000008
0LP,N06000008
0LQ,N06000008
0LR,N06000008
0LS,N06000008
0LT,N06000008
0LU,N06000008
0LW,N06000008
0LX,N06000008
0LY,N06000008
0LZ,N06000008
0NA,N06000008
0NB,N06000008
0ND,N06000008
0NE,N06000008
0NF,N06000008
0NG,N06000008
0NH,N06000008
0NJ,N06000008
0NL,N06000008
0NN,N06000008
0NP,N06000008
0NQ,N06000008
0NR,N06000008
0NS,N06000008
0NT,N06000008
0NU,N06000008
0NW,N06000008
0NX,N06000008
0NY,N06000008
0NZ,N06000008
0PA,N06000008
0PB,N06000008
0PD,N06000008
0PE,N06000008
0PF,N06000008
0PG,N06000008
0PH,N06000008
0PJ,N06000008
0PL,N06000008
0PN,N06000008
0PP,N06000008
0PQ,N06000008
0PR,N06000008
0PS,N06000008
0PT,N06000008
0PU,N06000008
0PW,N06000008
0PX,N06000008
0PY,N06000008
0PZ,N06000008
0QA,N06000008
0QB,N06000008
0QD,N06000008
0QE,N06000008
0QF,N06000008
0QG,N06000008
0QH,N06000008
0QJ,N06000008
0QN,N06000008
0QP,N06000008
0QQ,N06000008
0QR,N06000008
0QS,N06000008
0QT,N06000008
0QU,N06000008
0QW,N06000008
0QX,N06000008
0QY,N06000008
0QZ,N06000008
0RA,N06000008
0RB,N06000008
0RD,N06000008
0RE,N06000008
0RF,N06000008
0RG,N06000008
0RH,N06000008
0RJ,N06000008
0RL,N06000008
0RN,N06000008
0RP,N06000008
0RQ,N06000008
0RR,N06000008
0RS,N06000008
0RT,N06000008
0RU,N06000008
0RW,N06000008
0RX,N06000008
0RY,N06000008
0RZ,N06000008
0SA,N06000008
0SE,N06000008
0SF,N06000008
0SG,N06000008
0SH,N06000008
0SJ,N06000008
0SN,N06000008
0SP,N06000008
0SQ,N06000008
0SR,N06000008
0SS,N06000008
0SW,N06000008
0SX,N06000008
0SY,N06000008
0WY,N06000008
0XX,N06000008
0YF,N06000008
4BZ,N06000008
4EE,N06000008
4EQ,N06000008
4ET,N06000008
4EZ,N06000008
4FA,N06000008
4FB,N06000008
4SA,N06000008
4SB,N06000008
4SD,N06000008
4SE,N06000008
4SF,N06000008
4SG,N06000008
4SH,N06000008
4SJ,N06000008
4SL,N06000008
4SN,N06000008
4SP,N06000008
4SQ,N06000008
4SR,N06000008
4SS,N06000008
4ST,N06000008
4SU,N06000008
4SW,N06000008
4SX,N06000008
4SY,N06000008
4SZ,N06000008
4TA,N06000008
4TB,N06000008
4TD,N06000008
4TE,N06000008
4TF,N06000008
4TG,N06000008
4TH,N06000008
4TJ,N06000008
4TL,N06000008
4TN,N06000008
4ZY,N06000008
6AA,N06000008
6AD,N06000008
6AE,N06000008
6AF,N06000008
6AH,N06000008
6AL,N06000008
6AP,N06000008
6AQ,N06000008
6AR,N06000008
6AT,N06000008
6AX,N06000008
6AY,N06000008
6BB,N06000008
6BQ,N06000008
6BT,N06000008
6BU,N06000008
6DF,N06000008
6DH,N06000008
6DJ,N06000008
6DL,N06000008
6DN,N06000008
6DQ,N06000008
6DW,N06000008
6EA,N06000008
6EB,N06000008
6EF,N06000008
6EG,N06000008
6EP,N06000008
6ES,N06000008
6ET,N06000008
6GJ,N06000008
6HA,N06000008
6HB,N06000008
6HD,N06000008
6HE,N06000008
6HF,N06000008
6HG,N06000008
6HH,N06000008
6HJ,N06000008
6HL,N06000008
6HN,N06000008
6HP,N06000008
6HQ,N06000008
6HR,N06000008
6HW,N06000008
6JA,N06000008
6JB,N06000008
6JG,N06000008
6JJ,N06000008
6JL,N06000008
6JN,N06000008
6JP,N06000008
6JR,N06000008
6JS,N06000008
6JT,N06000008
6JU,N06000008
6JW,N06000008
6JX,N06000008
6JY,N06000008
6JZ,N06000008
6LA,N06000008
6LD,N06000008
6LE,N06000008
6LF,N06000008
6LG,N06000008
6LH,N06000008
6LP,N06000008
6LR,N06000008
6LS,N06000008
6LT,N06000008
6LU,N06000008
6LY,N06000008
6LZ,N06000008
6ND,N06000008
6NJ,N06000008
6NP,N06000008
6NR,N06000008
6NS,N06000008
6NT,N06000008
6NU,N06000008
6NX,N06000008
6NY,N06000008
6NZ,N06000008
6PB,N06000008
6PE,N06000008
6PG,N06000008
6PH,N06000008
6PJ,N06000008
6PL,N06000008
6PP,N06000008
6PQ,N06000008
6PR,N06000008
6PS,N06000008
6PT,N06000008
6PU,N06000008
6PW,N06000008
6PY,N06000008
6QE,N06000008
6QH,N06000008
6QJ,N06000008
6QL,N06000008
6QN,N06000008
6QP,N06000008
6QQ,N06000008
6QW,N06000008
6QX,N06000008
6RD,N06000008
6RE,N06000008
6RF,N06000008
6RG,N06000008
6RH,N06000008
6RJ,N06000008
6RN,N06000008
6RP,N06000008
6RQ,N06000008
6RU,N06000008
6RX,N06000008
6RZ,N06000008
6SA,N06000008
6SB,N06000008
6SD,N06000008
6SE,N06000008
6SF,N06000008
6SG,N06000008
6SH,N06000008
6SJ,N06000008
6SL,N06000008
6SN,N06000008
6SP,N06000008
6SQ,N06000008
6SR,N06000008
6SS,N06000008
6ST,N06000008
6SU,N06000008
6SW,N06000008
6SX,N06000008
6SY,N06000008
6SZ,N06000008
6TA,N06000008
6TB,N06000008
6TD,N06000008
6TE,N06000008
6TG,N06000008
6TH,N06000008
6TJ,N06000008
6TL,N06000008
6TN,N06000008
6TQ,N06000008
6TU,N06000008
6TW,N06000008
6TZ,N06000008
6UA,N06000008
6UE,N06000008
6UG,N06000008
6UJ,N06000008
6UN,N06000008
6UQ,N06000008
6UW,N06000008
6UX,N06000008
6UZ,N06000008
6XB,N06000008
6XD,N06000008
6XJ,N06000008
6XL,N06000008
6XQ,N06000008
6XY,N06000008
6YB,N06000008
7AA,N06000008
7AB,N06000008
7AE,N06000008
7AH,N06000008
7AJ,N06000008
7AL,N06000008
7AN,N06000008
7AS,N06000008
7AW,N06000008
7AY,N06000008
7AZ,N06000008
7BB,N06000008
7BD,N06000008
7BE,N06000008
7BF,N06000008
7BH,N06000008
7BJ,N06000008
7BL,N06000008
7BN,N06000008
7BQ,N06000008
7BS,N06000008
7BT,
7BW,N06000008
7BY,N06000008
7BZ,N06000008
7DA,N06000008
7DB,N06000008
7DD,N06000008
7DE,N06000008
7DF,N06000008
7DG,N06000008
7DH,N06000008
7DL,N06000008
7DP,N06000008
7DQ,N06000008
7DR,N06000008
7DS,N06000008
7DT,N06000008
7DW,N06000008
7DX,N06000008
7EA,N06000008
7EB,N06000008
7ED,N06000008
7EE,N06000008
7EF,N06000008
7EG,N06000008
7EJ,N06000008
7EL,N06000008
7EP,N06000008
7EQ,N06000008
7ER,N06000008
7ES,N06000008
7ET,N06000008
7EW,N06000008
7EX,N06000008
7EY,N06000008
7EZ,N06000008
7FB,N06000008
7FD,N06000008
7FE,N06000008
7FF,N06000008
7GA,N06000008
7GD,N06000008
7GW,N06000008
7HA,N06000008
7HD,
7HG,N06000008
7HH,N06000008
7HJ,N06000008
7HP,N06000008
7HQ,N06000008
7HR,N06000008
7HS,N06000008
7HT,N06000008
7HU,N06000008
7HX,N06000008
7HY,N06000008
7HZ,N06000008
7JD,N06000008
7JF,N06000008
7JG,N06000008
7JH,N06000008
7JJ,N06000008
7JL,N06000008
7JN,N06000008
7JP,N06000008
7JQ,N06000008
7JR,N06000008
7JS,N06000008
7JT,N06000008
7JU,N06000008
7JW,N06000008
7JX,N06000008
7JY,N06000008
7JZ,N06000008
7LA,N06000008
7LB,N06000008
7LD,N06000008
7LE,N06000008
7LF,N06000008
7LG,N06000008
7LH,N06000008
7LJ,N06000008
7LL,N06000008
7LN,N06000008
7LQ,N06000008
7LR,N06000008
7LS,N06000008
7LW,N06000008
7LZ,N06000008
7NA,N06000008
7NB,N06000008
7ND,N06000008
7NE,N06000008
7NF,N06000008
7NG,N06000008
7NH,N06000008
7NJ,N06000008
7NL,N06000008
7NN,N06000008
7NP,N06000008
7NR,N06000008
7NS,N06000008
7NT,N06000008
7NU,N06000008
7NW,N06000008
7NX,N06000008
7NY,N06000008
7NZ,N06000008
7PA,N06000008
7PB,N06000008
7PD,N06000008
7PE,N06000008
7PF,N06000008
7PG,N06000008
7PH,N06000008
7PJ,N06000008
7PL,N06000008
7PN,N06000008
7PP,N06000008
7PQ,N06000008
7PR,N06000008
7PT,N06000008
7PU,N06000008
7PW,N06000008
7PX,N06000008
7QB,N06000008
7QD,N06000008
7QG,N06000008
7QH,N06000008
7QJ,N06000008
7QL,N06000008
7QP,N06000008
7QQ,N06000008
7QR,N06000008
7QS,N06000008
7QT,N06000008
7QU,N06000008
7QW,N06000008
7QX,N06000008
7QY,N06000008
7QZ,N06000008
7RB,N06000008
7RD,N06000008
7RE,N06000008
7RG,N06000008
7RH,N06000008
7RJ,N06000008
7RL,N06000008
7RN,N06000008
7RP,N06000008
7RQ,N06000008
7RR,N06000008
7RS,N06000008
7RT,N06000008
7RU,N06000008
7RW,N06000008
7RX,N06000008
7RY,N06000008
7RZ,N06000008
7SA,N06000008
7SB,N06000008
7SD,N06000008
7SE,N06000008
7SH,N06000008
7SJ,N06000008
7SL,N06000008
7SN,N06000008
7SP,N06000008
7SR,N06000008
7SS,N06000008
7ST,N06000008
7SU,N06000008
7SW,N06000008
7SX,N06000008
7SY,N06000008
7SZ,N06000008
7TA,N06000008
7TB,N06000008
7TD,N06000008
7TE,N06000008
7TF,N06000008
7TG,N06000008
7TH,N06000008
7TL,N06000008
7TP,N06000008
7TR,N06000008
7TS,N06000008
7TT,N06000008
7TU,N06000008
7TW,N06000008
7TX,N06000008
7TY,N06000008
7TZ,N06000008
7UA,N06000008
7UB,N06000008
7UD,N06000008
7UE,N06000008
7UF,N06000008
7UG,N06000008
7UH,N06000008
7UJ,N06000008
7UL,N06000008
7UN,N06000008
7UQ,N06000008
7UU,N06000008
7YN,N06000008
7YR,N06000008
7YT,N06000008
8AB,N06000008
8AF,N06000008
8AG,N06000008
8AH,N06000008
8AJ,N06000008
8AL,N06000008
8AN,N06000008
8AP,N06000008
8AQ,N06000008
8AR,N06000008
8AS,N06000008
8AT,N06000008
8AU,N06000008
8AW,N06000008
8AX,N06000008
8AY,N06000008
8AZ,N06000008
8BA,N06000008
8BB,N06000008
8BD,N06000008
8BE,N06000008
8BG,N06000008
8BH,N06000008
8BJ,N06000008
8BL,N06000008
8BN,N06000008
8BP,N06000008
8BQ,N06000008
8BS,N06000008
8BT,N06000008
8BU,N06000008
8BW,N06000008
8BX,N06000008
8BY,N06000008
8BZ,N06000008
8DA,N06000008
8DB,N06000008
8DD,N06000008
8DE,N06000008
8DF,N06000008
8DG,N06000008
8DH,N06000008
8DJ,N06000008
8DL,N06000008
8DN,N06000008
8DP,N06000008
8DQ,N06000008
8DR,N06000008
8DS,N06000008
8DT,N06000008
8DU,N06000008
8DW,N06000008
8DX,N06000008
8DY,N06000008
8DZ,N06000008
8EA,N06000008
8EB,N06000008
8ED,N06000008
8EE,N06000008
8EF,N06000008
8EG,N06000008
8EH,N06000008
8EJ,N06000008
8EL,N06000008
8EN,N06000008
8EP,N06000008
8EQ,N06000008
8ER,N06000008
8ES,N06000008
8ET,N06000008
8EU,N06000008
8EW,N06000008
8EX,N06000008
8EY,N06000008
8EZ,N06000008
8FA,N06000008
8FB,N06000008
8FE,N06000008
8FF,N06000008
8FG,N06000008
8FH,N06000008
8FJ,N06000008
8FL,N06000008
8FN,N06000008
8FQ,N06000008
8FT,N06000008
8FU,N06000008
8FW,N06000008
8FZ,N06000008
8GA,N06000008
8GB,N06000008
8GD,N06000008
8GE,N06000008
8GF,N06000008
8GG,N06000008
8GH,N06000008
8GJ,N06000008
8GL,N06000008
8GN,N06000008
8GP,N06000008
8GQ,N06000008
8GR,N06000008
8GS,N06000008
8GT,N06000008
8GW,N06000008
8HA,N06000008
8HB,N06000008
8HD,N06000008
8HE,N06000008
8HF,N06000008
8HG,N06000008
8HH,N06000008
8HJ,N06000008
8HL,N06000008
8HN,N06000008
8HP,N06000008
8HQ,N06000008
8HR,N06000008
8HS,N06000008
8HT,N06000008
8HU,N06000008
8HW,N06000008
8HX,N06000008
8HY,N06000008
8HZ,N06000008
8JA,N06000008
8JB,N06000008
8JD,N06000008
8JE,N06000008
8JF,N06000008
8JG,N06000008
8JH,N06000008
8JJ,N06000008
8JL,N06000008
8JN,N06000008
8JP,N06000008
8JQ,N06000008
8JR,N06000008
8JS,N06000008
8JT,N06000008
8JU,N06000008
8JW,N06000008
8JX,N06000008
8JY,N06000008
8JZ,N06000008
8LA,N06000008
8LB,N06000008
8LE,N06000008
8LF,N06000008
8LG,N06000008
8LH,N06000008
8LJ,N06000008
8LL,N06000008
8LN,N06000008
8LP,N06000008
8LR,N06000008
8LS,N06000008
8LT,N06000008
8LU,N06000008
8LW,N06000008
8LX,N06000008
8LY,N06000008
8LZ,N06000008
8NA,N06000008
8NB,N06000008
8ND,N06000008
8NE,N06000008
8NF,N06000008
8NG,N06000008
8NH,N06000008
8NJ,N06000008
8NL,N06000008
8NN,N06000008
8NP,N06000008
8NR,N06000008
8NS,N06000008
8NT,N06000008
8NU,N06000008
8NW,N06000008
8NX,N06000008
8NY,N06000008
8NZ,N06000008
8PB,N06000008
8PE,N06000008
8PF,N06000008
8PG,N06000008
8PH,N06000008
8PJ,N06000008
8PL,N06000008
8PN,N06000008
8PP,N06000008
8PQ,N06000008
8PR,N06000008
8PS,N06000008
8PT,N06000008
8PU,N06000008
8PW,N06000008
8PX,N06000008
8PY,N06000008
8PZ,N06000008
8QA,N06000008
8QB,N06000008
8QD,N06000008
8QE,N06000008
8QF,N06000008
8QG,N06000008
8QH,N06000008
8QJ,N06000008
8QL,N06000008
8QN,N06000008
8QP,N06000008
8QQ,N06000008
8QR,N06000008
8QS,N06000008
8QT,N06000008
8QU,N06000008
8QW,N06000008
8QX,N06000008
8QY,N06000008
8QZ,N06000008
8RA,N06000008
8RB,N06000008
8RD,N06000008
8RE,N06000008
8RF,N06000008
8RG,N06000008
8RH,N06000008
8RJ,N06000008
8RL,N06000008
8RN,N06000008
8RP,N06000008
8RQ,N06000008
8RR,N06000008
8RS,N06000008
8RT,N06000008
8RU,N06000008
8RW,N06000008
8SA,N06000008
8SB,N06000008
8SD,N06000008
8SE,N06000008
8SF,N06000008
8SG,N06000008
8SH,N06000008
8SJ,N06000008
8SL,N06000008
8SN,N06000008
8SP,N06000008
8SQ,N06000008
8SR,N06000008
8SS,N06000008
8ST,N06000008
8SU,N06000008
8SW,N06000008
8SX,N06000008
8SY,N06000008
8SZ,N06000008
8TA,N06000008
8TB,N06000008
8TD,N06000008
8TE,N06000008
8TF,N06000008
8TH,N06000008
8TJ,N06000008
8TT,N06000008
9AD,N06000008
9AF,N06000008
9AH,N06000008
9AP,N06000008
9AT,N06000008
9AU,N06000008
9AX,N06000008
9AY,N06000008
9AZ,N06000008
9BA,N06000008
9BB,N06000008
9BD,N06000008
9BE,N06000008
9BG,N06000008
9BH,N06000008
9BJ,N06000008
9BL,N06000008
9BN,N06000008
9BP,N06000008
9BQ,N06000008
9BS,N06000008
9BT,N06000008
9BX,N06000008
9BY,N06000008
9BZ,N06000008
9DA,N06000008
9DD,N06000008
9DN,N06000008
9DP,N06000008
9DR,N06000008
9DS,N06000008
9DU,N06000008
9DW,N06000008
9DX,N06000008
9DY,N06000008
9DZ,N06000008
9ED,N06000008
9EE,N06000008
9EF,N06000008
9EJ,N06000008
9EN,N06000008
9EP,N06000008
9EQ,N06000008
9ES,N06000008
9ET,N06000008
9EU,N06000008
9EW,N06000008
9EX,N06000008
9EY,N06000008
9EZ,N06000008
9HA,N06000008
9HD,N06000008
9HE,N06000008
9HF,N06000008
9HG,N06000008
9HH,N06000008
9HJ,N06000008
9HL,N06000008
9HR,N06000008
9HS,N06000008
9HT,N06000008
9HY,N06000008
9HZ,N06000008
9JA,N06000008
9JB,N06000008
9JD,N06000008
9JE,N06000008
9JF,N06000008
9JG,N06000008
9JH,N06000008
9JJ,N06000008
9JL,N06000008
9JN,N06000008
9JP,N06000008
9JQ,N06000008
9JR,N06000008
9JW,N06000008
9LA,N06000008
9LB,N06000008
9LD,N06000008
9LE,N06000008
9LF,N06000008
9LG,N06000008
9LH,N06000008
9LP,N06000008
9LR,N06000008
9LS,N06000008
9LT,N06000008
9LU,N06000008
9LX,N06000008
9LY,N06000008
9LZ,N06000008
9NA,N06000008
9NB,N06000008
9ND,N06000008
9NE,N06000008
9NF,N06000008
9NG,N06000008
9NH,N06000008
9NJ,N06000008
9NL,N06000008
9NN,N06000008
9NP,N06000008
9NQ,N06000008
9NR,N06000008
9NS,N06000008
9NT,N06000008
9NU,N06000008
9NW,N06000008
9NX,N06000008
9PG,N06000008
9PH,N06000008
9PJ,N06000008
9PN,N06000008
9PQ,N06000008
9PW,N06000008
9PX,N06000008
9PY,N06000008
9PZ,N06000008
9QA,N06000008
9QB,N06000008
9QD,N06000008
9QE,N06000008
9QF,N06000008
9QG,N06000008
9QH,N06000008
9QJ,N06000008
9QN,N06000008
9QP,N06000008
9QQ,N06000008
9QR,N06000008
9QS,N06000008
9QT,N06000008
9QU,N06000008
9QW,N06000008
9QX,N06000008
9QY,N06000008
9QZ,N06000008
9RA,N06000008
9RJ,N06000008
9RL,N06000008
9RN,N06000008
9RP,N06000008
9RR,N06000008
9RS,N06000008
9RT,N06000008
9RU,N06000008
9RW,N06000008
9RX,N06000008
9RY,N06000008
9RZ,N06000008
9SA,N06000008
9SB,N06000008
9SD,N06000008
9SJ,N06000008
9SL,N06000008
9SN,N06000008
9SW,N06000008
9TA,N06000008
9TB,N06000008
9TD,N06000008
9TF,N06000008
9TG,N06000008
9TH,N06000008
9TJ,N06000008
9TL,N06000008
9TN,N06000008
9TP,N06000008
9TQ,N06000008
9TR,N06000008
9TS,N06000008
9TT,N06000008
9TU,N06000008
9TW,N06000008
9TX,N06000008
9TY,N06000008
9TZ,N06000008
9UA,N06000008
9UB,N06000008
9UD,N06000008
9UE,N06000008
9UG,N06000008
9UJ,N06000008
9XA,N06000008
9XB,N06000008
9XD,N06000008
9XE,N06000008
9XF,N06000008
9XG,N06000008
9XH,N06000008
9XJ,N06000008
9XL,N06000008
9XN,N06000008
9XP,N06000008
9XQ,N06000008
9XR,N06000008
9XS,N06000008
9XU,N06000008
9XW,N06000008
9XX,N06000008
9XY,N06000008
9XZ,N06000008
