"pc","ca"
3AA,E14000910
3AB,E14000910
3AD,E14000910
3AE,E14000910
3AF,E14000910
3AG,E14000910
3AH,E14000910
3AJ,E14000910
3AN,E14000910
3AP,E14000910
3AQ,E14000910
3AR,E14000910
3AU,E14000910
3AY,E14000910
3AZ,E14000910
3BH,E14000910
3BJ,E14000910
3BL,E14000910
3BN,E14000910
3BP,E14000910
3BQ,E14000910
3BS,E14000910
3BT,E14000910
3BU,E14000910
3BW,E14000910
3BX,E14000910
3BZ,E14000910
3DA,E14000910
3DB,E14000910
3DD,E14000910
3DE,E14000910
3DF,E14000910
3DG,E14000910
3DH,E14000910
3DJ,E14000910
3DL,E14000910
3DN,E14000910
3DQ,E14000910
3DR,E14000910
3DS,E14000910
3DU,E14000910
3DW,E14000910
3DX,E14000910
3DZ,E14000910
3EA,E14000910
3EB,E14000910
3ED,E14000910
3EE,E14000910
3EF,E14000910
3EG,E14000910
3EH,E14000910
3EJ,E14000910
3EL,E14000910
3EN,E14000910
3EP,E14000910
3EQ,E14000910
3ER,E14000910
3ES,E14000910
3ET,E14000910
3EW,E14000910
3EX,E14000910
3EY,E14000910
3EZ,E14000910
3FA,E14000910
3FB,E14000910
3FH,E14000910
3FU,E14000910
3FY,E14000910
3FZ,E14000910
3GA,E14000910
3GB,E14000910
3GL,E14000910
3GP,E14000910
3GR,E14000910
3GU,E14000910
3GW,E14000910
3GX,E14000910
3GY,E14000910
3GZ,E14000910
3HB,E14000910
3HD,E14000910
3HE,E14000910
3HF,E14000910
3HG,E14000910
3HL,E14000910
3HN,E14000910
3HP,E14000910
3HQ,E14000910
3HR,E14000910
3HS,E14000910
3HT,E14000910
3HU,E14000910
3HW,E14000910
3HX,E14000910
3HY,E14000910
3HZ,E14000910
3JA,E14000910
3JB,E14000910
3JD,E14000910
3JE,E14000910
3JF,E14000910
3JG,E14000910
3JH,E14000910
3JN,E14000910
3JP,E14000910
3JR,E14000910
3JS,E14000910
3JT,E14000910
3JU,E14000910
3JW,E14000910
3JX,E14000910
3JY,E14000910
3LA,E14000910
3LB,E14000910
3LD,E14000910
3LE,E14000910
3LF,E14000910
3LG,E14000910
3LH,E14000910
3LJ,E14000910
3LL,E14000910
3LN,E14000910
3LP,E14000910
3LQ,E14000910
3LR,E14000910
3LS,E14000910
3LT,E14000910
3LU,E14000910
3LW,E14000910
3LX,E14000910
3LY,E14000910
3LZ,E14000910
3NA,E14000910
3NB,E14000910
3ND,E14000910
3NJ,E14000910
3NN,E14000910
3NP,E14000910
3PA,E14000910
3PE,E14000910
3PF,E14000910
3PG,E14000910
3PJ,E14000910
3PL,E14000910
3PN,E14000910
3PP,E14000910
3PQ,E14000910
3PR,E14000910
3PS,E14000910
3PT,E14000910
3PU,E14000910
3PW,E14000910
3PX,E14000910
3PY,E14000910
3PZ,E14000910
3QA,E14000910
3QB,E14000910
3QD,E14000910
3QE,E14000910
3QF,E14000910
3QG,E14000910
3QH,E14000910
3QJ,E14000910
3QL,E14000910
3QN,E14000910
3QP,E14000910
3QR,E14000910
3QS,E14000910
3QT,E14000910
3QU,E14000910
3QW,E14000910
3QX,E14000910
3QY,E14000910
3QZ,E14000910
3RA,E14000910
3RB,E14000910
3RD,E14000910
3RE,E14000910
3RF,E14000910
3RG,E14000910
3RJ,E14000910
3RN,E14000910
3RQ,E14000910
3RR,E14000910
3RS,E14000910
3RU,E14000910
3RW,E14000910
3RX,E14000910
3RY,E14000910
3RZ,E14000910
3SA,E14000910
3SB,E14000910
3SD,E14000910
3SE,E14000910
3SF,E14000910
3SG,E14000910
3SH,E14000910
3SJ,E14000910
3SL,E14000910
3SN,E14000910
3SP,E14000910
3SQ,E14000910
3SR,E14000910
3SS,E14000910
3ST,E14000910
3SU,E14000910
3SW,E14000910
3SY,E14000910
3SZ,E14000910
3TH,E14000910
3TJ,E14000910
3TL,E14000910
3TN,E14000910
3TP,E14000910
3TQ,E14000910
3TR,E14000910
3TS,E14000910
3TT,E14000910
3TU,E14000910
3TW,E14000910
3TX,E14000910
3TZ,E14000910
3UA,E14000910
3UB,E14000910
3UD,E14000910
3UE,E14000910
3UF,E14000910
3UG,E14000910
3UH,E14000910
3UJ,E14000910
3UL,E14000910
3UN,E14000910
3UQ,E14000910
3UW,E14000910
3UZ,E14000910
3WA,E14000910
3WH,E14000910
3WJ,E14000910
3WQ,E14000910
3WT,E14000910
3WW,E14000910
3XD,E14000910
3XE,E14000910
3XF,E14000910
3XG,E14000910
3XH,E14000910
3XJ,E14000910
3XL,E14000910
3XN,E14000910
3XP,E14000910
3XQ,E14000910
3XR,E14000910
3XT,E14000910
3XW,E14000910
3XY,E14000910
3YB,E14000910
3YD,E14000910
3YF,E14000910
3YG,E14000910
3YH,E14000910
3YJ,E14000910
3YL,E14000910
3YN,E14000910
3YQ,E14000910
3YW,E14000910
3YY,E14000910
3YZ,E14000910
3ZA,E14000910
4AA,E14000910
4AB,E14000910
4AD,E14000910
4AE,E14000910
4AF,E14000910
4AG,E14000910
4AH,E14000910
4AJ,E14000910
4AL,E14000910
4AP,E14000910
4AQ,E14000910
4AR,E14000910
4AS,E14000910
4AT,E14000910
4AU,E14000910
4AW,E14000910
4AX,E14000910
4AY,E14000910
4AZ,E14000910
4BA,E14000910
4BB,E14000910
4BD,E14000910
4BE,E14000910
4BG,E14000910
4BH,E14000910
4BJ,E14000910
4BL,E14000910
4BN,E14000910
4BP,E14000910
4BQ,E14000910
4BS,E14000910
4BT,E14000910
4BU,E14000910
4BW,E14000910
4BX,E14000910
4BY,E14000910
4BZ,E14000910
4DA,E14000910
4DB,E14000910
4DD,E14000910
4DE,E14000910
4DF,E14000910
4DG,E14000910
4DH,E14000910
4DJ,E14000910
4DL,E14000910
4DN,E14000910
4DP,E14000910
4DQ,E14000910
4DR,E14000910
4DS,E14000910
4DT,E14000910
4DU,E14000910
4DW,E14000910
4DX,E14000910
4DY,E14000910
4DZ,E14000910
4EA,E14000910
4EB,E14000910
4ED,E14000910
4EF,E14000910
4EG,E14000910
4EH,E14000910
4EJ,E14000910
4EN,E14000910
4EQ,E14000910
4ER,E14000910
4ET,E14000910
4EX,E14000910
4EY,E14000910
4EZ,E14000910
4FB,E14000910
4FD,E14000910
4FE,E14000910
4FF,E14000910
4FG,E14000910
4FS,E14000910
4FU,E14000910
4FX,E14000910
4FZ,E14000910
4GA,E14000910
4GD,E14000910
4GE,E14000910
4GJ,E14000910
4GL,E14000910
4GN,E14000910
4GP,E14000910
4HA,E14000910
4HB,E14000910
4HD,E14000910
4HE,E14000910
4HF,E14000910
4HG,E14000910
4HH,E14000910
4HJ,E14000910
4HQ,E14000910
4JA,E14000910
4JB,E14000910
4JD,E14000910
4JE,E14000910
4JF,E14000910
4JG,E14000910
4JH,E14000910
4JJ,E14000910
4JL,E14000910
4JN,E14000910
4JP,E14000910
4JQ,E14000910
4JR,E14000910
4JS,E14000910
4JT,E14000910
4JU,E14000910
4JW,E14000910
4JX,E14000910
4JY,E14000910
4JZ,E14000910
4LA,E14000910
4LB,E14000910
4LD,E14000910
4LE,E14000910
4LH,E14000910
4LN,E14000910
4LQ,E14000910
4LT,E14000910
4LU,E14000910
4LX,E14000910
4LY,E14000910
4LZ,E14000910
4NA,E14000910
4NB,E14000910
4ND,E14000910
4NE,E14000910
4NF,E14000910
4NG,E14000910
4NH,E14000910
4NJ,E14000910
4NL,E14000910
4NN,E14000910
4NP,E14000910
4NQ,E14000910
4NS,E14000910
4NW,E14000910
4PB,E14000910
4PE,E14000910
4PF,E14000910
4PG,E14000910
4PH,E14000910
4PJ,E14000910
4PL,E14000910
4PN,E14000910
4PP,E14000910
4PQ,E14000910
4PR,E14000910
4PT,E14000910
4PU,E14000910
4PW,E14000910
4PX,E14000910
4PY,E14000910
4QL,E14000910
4QN,E14000910
4QP,E14000910
4QR,E14000910
4QS,E14000910
4QT,E14000910
4QU,E14000910
4QW,E14000910
4QX,E14000910
4QY,E14000910
4RA,E14000910
4RL,E14000910
4RN,E14000910
4RP,E14000910
4RR,E14000910
4RS,E14000910
4RT,E14000910
4RU,E14000910
4RX,E14000910
4RY,E14000910
4RZ,E14000910
4SA,E14000910
4SB,E14000910
4SD,E14000910
4SE,E14000910
4SF,E14000910
4SG,E14000910
4SH,E14000910
4SJ,E14000910
4SL,E14000910
4SN,E14000910
4SQ,E14000910
4TA,E14000910
4TB,E14000910
4TD,E14000910
4TF,E14000910
4TG,E14000910
4TH,E14000910
4TJ,E14000910
4TL,E14000910
4TN,E14000910
4TP,E14000910
4TQ,E14000910
4TR,E14000910
4TS,E14000910
4TT,E14000910
4TU,E14000910
4TW,E14000910
4TX,E14000910
4TY,E14000910
4UH,E14000910
4UJ,E14000910
4UL,E14000910
4UN,E14000910
4UP,E14000910
4UR,E14000910
4US,E14000910
4UT,E14000910
4UU,E14000910
4UW,E14000910
4UX,E14000910
4UY,E14000910
4UZ,E14000910
4WW,E14000910
4WX,E14000910
4WY,E14000910
4XA,E14000910
4XB,E14000910
4XE,E14000910
4XF,E14000910
4XG,E14000910
4XH,E14000910
4XJ,E14000910
4XL,E14000910
4XN,E14000910
4XU,E14000910
4ZH,E14000910
