"pc","ca"
0AA,E14000594
0AB,E14000594
0AD,E14000594
0AE,E14000594
0AF,E14000594
0AG,E14000594
0AH,E14000594
0AJ,E14000594
0AL,E14000594
0AN,E14000594
0AP,E14000594
0AQ,E14000594
0AR,E14000594
0AT,E14000594
0AU,E14000594
0BA,E14000594
0BB,E14000594
0BD,E14000594
0BE,E14000594
0BG,E14000594
0BH,E14000594
0BJ,E14000594
0BL,E14000594
0BN,E14000594
0BP,E14000594
0BQ,E14000594
0BS,E14000594
0BU,E14000594
0BW,E14000594
0BX,E14000594
0BY,E14000594
0BZ,E14000594
0DA,E14000594
0DB,E14000594
0DD,E14000594
0DE,E14000594
0DF,E14000594
0DG,E14000594
0DH,E14000594
0DJ,E14000594
0DL,E14000594
0DN,E14000594
0DP,E14000594
0DQ,E14000594
0DR,E14000594
0DS,E14000594
0DU,E14000594
0DW,E14000594
0DX,E14000594
0DY,E14000594
0DZ,E14000594
0EA,E14000594
0EB,E14000806
0ED,E14000806
0EE,E14000806
0EF,E14000806
0EG,E14000806
0EH,E14000806
0EJ,E14000806
0EL,E14000806
0EP,E14000806
0EQ,E14000806
0ER,E14000806
0ES,E14000806
0ET,E14000806
0EW,E14000806
0EX,E14000806
0EY,E14000806
0EZ,E14000806
0FA,E14000594
0FG,E14000594
0FJ,E14000594
0FL,E14000594
0GB,E14000594
0GF,E14000594
0GH,E14000594
0HA,E14000806
0HB,E14000806
0HD,E14000806
0HH,E14000594
0HJ,E14000594
0HL,E14000594
0HN,E14000594
0HP,E14000594
0HR,E14000594
0HS,E14000594
0HU,E14000594
0HW,E14000594
0HX,E14000594
0HY,E14000594
0HZ,E14000594
0JB,E14000594
0JD,E14000594
0JE,E14000594
0JF,E14000594
0JN,E14000594
0JP,E14000594
0JR,E14000594
0JS,E14000594
0JT,E14000594
0JU,E14000594
0JW,E14000594
0JX,E14000594
0JY,E14000594
0JZ,E14000594
0LA,E14000594
0LB,E14000594
0LD,E14000594
0LE,E14000594
0LG,E14000594
0LH,E14000594
0LJ,E14000594
0LL,E14000594
0LN,E14000594
0LP,E14000594
0LQ,E14000594
0LR,E14000910
0LS,E14000910
0LT,E14000910
0LU,E14000910
0LW,E14000594
0LX,E14000910
0NG,E14000594
0NH,E14000594
0NJ,E14000594
0NL,E14000594
0NN,E14000594
0NP,E14000594
0NQ,E14000594
0NR,E14000594
0NS,E14000594
0NT,E14000594
0NU,E14000594
0NW,E14000594
0NX,E14000594
0NY,E14000594
0NZ,E14000594
0PA,E14000594
0PB,E14000594
0PD,E14000594
0PE,E14000594
0PF,E14000594
0PG,E14000594
0PH,E14000594
0PJ,E14000594
0PL,E14000594
0PN,E14000594
0PP,E14000594
0PQ,E14000594
0PR,E14000910
0PS,E14000594
0PT,E14000594
0PU,E14000806
0PW,E14000594
0PX,E14000806
0PY,E14000910
0PZ,E14000594
0QA,E14000594
0QB,E14000806
0QD,E14000594
0QE,E14000594
0QH,E14000594
0QJ,E14000594
0QL,E14000594
0QN,E14000594
0QP,E14000594
0QR,E14000594
0QS,E14000594
0QT,E14000594
0QU,E14000594
0QW,E14000594
0QX,E14000594
0QY,E14000594
0QZ,E14000594
0RA,E14000594
0RB,E14000594
0RD,E14000594
0RH,E14000594
0RL,E14000594
0RN,E14000594
0RR,E14000594
0RS,E14000594
0RT,E14000594
0RU,E14000594
0RX,E14000594
0RY,E14000594
0RZ,E14000594
0SA,E14000594
0SB,E14000594
0SD,E14000594
0SE,E14000594
0SF,E14000594
0SG,E14000594
0SP,E14000594
0SQ,E14000594
0SY,E14000594
0TE,E14000594
0TF,E14000594
0TQ,E14000594
0UT,E14000594
0UX,E14000594
0WG,E14000594
0WH,E14000594
0WQ,E14000594
0WS,E14000594
0XB,E14000594
0XD,E14000594
0XF,E14000594
9AA,E14000594
9AD,E14000594
9AE,E14000594
9AF,E14000594
9AG,E14000594
9AH,E14000594
9AJ,E14000594
9AL,E14000594
9AN,E14000594
9AP,E14000594
9AQ,E14000594
9AR,E14000594
9AS,E14000594
9AT,E14000594
9AU,E14000594
9AW,E14000594
9AX,E14000594
9AY,E14000594
9AZ,E14000594
9BA,E14000806
9BD,E14000806
9BE,E14000806
9BG,E14000806
9BH,E14000806
9BJ,E14000806
9BL,E14000806
9BN,E14000806
9BP,E14000806
9BQ,E14000806
9BS,E14000806
9BT,E14000806
9BU,E14000806
9BW,E14000806
9BX,E14000806
9BY,E14000806
9BZ,E14000806
9DB,E14000806
9DD,E14000806
9DE,E14000806
9DF,E14000806
9DG,E14000806
9DJ,E14000806
9DL,E14000594
9DN,E14000594
9DP,E14000806
9DQ,E14000806
9DR,E14000594
9DS,E14000594
9DT,E14000594
9DU,E14000594
9DW,E14000594
9DX,E14000594
9DY,E14000594
9DZ,E14000594
9EA,E14000594
9EB,E14000594
9ED,E14000594
9EE,E14000594
9EF,E14000594
9EG,E14000594
9EH,E14000594
9EJ,E14000594
9EL,E14000594
9EN,E14000594
9EP,E14000594
9EQ,E14000594
9ER,E14000594
9ES,E14000594
9ET,E14000594
9EU,E14000594
9EX,E14000594
9EY,E14000594
9EZ,E14000594
9FA,E14000806
9FB,E14000806
9FD,E14000806
9FF,E14000806
9GZ,E14000594
9HA,E14000594
9HB,E14000594
9HD,E14000594
9HE,E14000594
9HF,E14000594
9HG,E14000594
9HH,E14000594
9HJ,E14000594
9HL,E14000594
9HN,E14000594
9HP,E14000594
9HQ,E14000594
9HR,E14000594
9HU,E14000806
9HX,E14000806
9HY,E14000806
9HZ,E14000806
9JA,E14000806
9JB,E14000806
9JD,E14000806
9JE,E14000806
9JF,E14000806
9JG,E14000806
9JH,E14000806
9JJ,E14000806
9JL,E14000806
9JN,E14000806
9JP,E14000806
9JQ,E14000806
9JR,E14000806
9JS,E14000806
9JT,E14000806
9JU,E14000806
9JW,E14000806
9JX,E14000806
9JY,E14000806
9JZ,E14000594
9LA,E14000594
9LD,E14000806
9LE,E14000806
9LF,E14000806
9LG,E14000806
9LH,E14000806
9LJ,E14000806
9LL,E14000806
9LN,E14000806
9LP,E14000806
9LQ,E14000806
9LR,E14000806
9LS,E14000806
9LT,E14000806
9LU,E14000806
9LW,E14000806
9LX,E14000806
9LY,E14000806
9LZ,E14000806
9NA,E14000806
9ND,E14000806
9NE,E14000806
9NF,E14000806
9NH,E14000806
9NJ,E14000806
9NL,E14000594
9NN,E14000594
9NP,E14000594
9NQ,E14000806
9NR,E14000594
9NS,E14000594
9NT,E14000594
9NU,E14000594
9NX,E14000594
9NY,E14000594
9NZ,E14000806
9PA,E14000806
9PB,E14000806
9PD,E14000806
9PE,E14000806
9PF,E14000806
9PG,E14000806
9PH,E14000806
9PJ,E14000544
9PL,E14000544
9PN,E14000544
9PP,E14000806
9PQ,E14000806
9PR,E14000806
9PS,E14000806
9PT,E14000806
9PU,E14000806
9PW,E14000544
9PX,E14000544
9PY,E14000806
9PZ,E14000806
9QA,E14000806
9QB,E14000806
9QD,E14000806
9QE,E14000806
9QF,E14000806
9QG,E14000806
9QL,E14000594
9QN,E14000594
9QP,E14000806
9QR,E14000806
9QS,E14000806
9QT,E14000806
9QU,E14000806
9QW,E14000806
9QX,E14000806
9QY,E14000806
9QZ,E14000806
9RA,E14000806
9RB,E14000806
9RD,E14000806
9RE,E14000806
9RF,E14000806
9RG,E14000806
9RH,E14000806
9RJ,E14000806
9RL,E14000806
9RN,E14000806
9RP,E14000806
9RS,E14000806
9RT,E14000806
9RU,E14000806
9RW,E14000806
9RY,E14000806
9RZ,E14000806
9SB,E14000806
9SD,E14000806
9SR,E14000594
9SX,E14000594
9TA,E14000806
9TB,E14000806
9TD,E14000806
9TE,E14000594
9TL,E14000594
9TP,E14000594
9WA,E14000594
9WB,E14000594
9WD,E14000594
9YX,E14000594
