"pc","ca"
6AA,E14000824
6AB,E14000824
6AD,E14000824
6AE,E14000824
6AF,E14000824
6AG,E14000824
6AH,E14000824
6AJ,E14000824
6AL,E14000824
6AN,E14000824
6AQ,E14000824
6AR,E14000824
6AS,E14000824
6AT,E14000824
6AU,E14000824
6AX,E14000824
6AY,E14000824
6AZ,E14000824
6BA,E14000824
6BB,E14000824
6BD,E14000824
6BE,E14000824
6BG,E14000824
6BH,E14000824
6BJ,E14000824
6BN,E14000824
6BQ,E14000824
6BS,E14000824
6BT,E14000824
6BW,E14000824
6BX,E14000824
6BZ,E14000824
6DA,E14000824
6DB,E14000824
6DD,E14000824
6DE,E14000824
6DF,E14000824
6DG,E14000824
6DH,E14000824
6DJ,E14000824
6DL,E14000824
6DN,E14000824
6DP,E14000824
6DQ,E14000824
6DR,E14000824
6DS,E14000824
6DT,E14000824
6DW,E14000824
6DX,E14000824
6DY,E14000824
6DZ,E14000824
6EA,E14000824
6ED,E14000824
6EH,E14000824
6EJ,E14000824
6EL,E14000824
6EN,E14000824
6EP,E14000824
6EQ,E14000824
6ER,E14000824
6ES,E14000824
6ET,E14000824
6EU,E14000824
6EW,E14000824
6EX,E14000824
6EY,E14000824
6EZ,E14000824
6HA,E14000824
6HB,E14000824
6HD,E14000824
6HH,E14000824
6HJ,E14000824
6HL,E14000824
6HS,E14000824
6HT,E14000824
6JA,E14000824
6JB,E14000824
6JD,E14000824
6JE,E14000824
6JF,E14000824
6JG,E14000824
6JH,E14000824
6JJ,E14000824
6JL,E14000824
6JN,E14000824
6JP,E14000824
6JQ,E14000824
6JR,E14000824
6JS,E14000824
6JT,E14000824
6JU,E14000824
6JW,E14000824
6JX,E14000824
6JY,E14000824
6JZ,E14000824
6LA,E14000824
6LE,E14000824
6LF,E14000824
6LG,E14000824
6LH,E14000824
6LJ,E14000824
6LL,E14000824
6LN,E14000824
6LP,E14000824
6LQ,E14000824
6LS,E14000824
6LT,E14000824
6LW,E14000824
6ND,E14000824
6NE,E14000824
6NF,E14000824
6NG,E14000824
6NH,E14000824
6NJ,E14000824
6NL,E14000824
6NN,E14000824
6NP,E14000824
6NQ,E14000824
6NR,E14000824
6NS,E14000824
6NT,E14000824
6NU,E14000824
6NW,E14000824
6NX,E14000824
6NY,E14000824
6NZ,E14000824
6PA,E14000824
6PB,E14000824
6PD,E14000824
6PF,E14000824
6PG,E14000824
6PJ,E14000824
6PQ,E14000824
6PT,E14000824
6PU,E14000824
6PX,E14000824
6PY,E14000824
6QA,E14000824
6QB,E14000824
6QD,E14000824
6QE,E14000824
6QF,E14000824
6QG,E14000824
6QH,E14000824
6QJ,E14000824
6QL,E14000824
6QN,E14000824
6QQ,E14000824
6QR,E14000824
6QS,E14000824
6QT,E14000824
6QU,E14001047
6QW,E14001047
6QX,E14000824
6UY,E14000824
6XD,E14000824
6XE,E14000824
6YB,E14000824
7AA,E14000824
7AB,E14000824
7AD,E14000824
7AE,E14000824
7AF,E14000824
7AG,E14000824
7AH,E14000824
7AJ,E14000824
7AL,E14000824
7AN,E14000824
7AP,E14000824
7AQ,E14000824
7AR,E14000824
7AS,E14000824
7AT,E14000824
7AU,E14000824
7AW,E14000824
7AX,E14000824
7AY,E14000824
7AZ,E14000824
7BD,E14000824
7BP,E14000824
7BS,E14000824
7BT,E14000824
7BU,E14000824
7BX,E14000824
7BY,E14000824
7BZ,E14000824
7DA,E14000824
7DB,E14000824
7DD,E14000824
7DE,E14000824
7DF,E14000824
7DG,E14000824
7DH,E14000824
7DJ,E14000824
7DL,E14000824
7DN,E14000824
7DQ,E14000824
7DW,E14000824
7DY,E14000824
7DZ,E14000824
7EB,E14000824
7ED,E14000824
7EE,E14000824
7EF,E14000824
7EG,E14000824
7EH,E14000824
7EJ,E14000824
7EL,E14000824
7EN,E14000824
7EP,E14000824
7EQ,E14000824
7ER,E14000824
7ES,E14000824
7ET,E14000824
7EU,E14000824
7EW,E14000824
7EY,E14000824
7EZ,E14000824
7HL,E14000824
7HN,E14000824
7HP,E14000824
7HR,E14000824
7HS,E14000824
7HT,E14000824
7HU,E14000824
7HW,E14000824
7JH,E14000824
7JJ,E14000824
7JL,E14000824
7JN,E14000824
7JP,E14000824
7JQ,E14000824
7JR,E14000824
7JS,E14000824
7JT,E14000824
7JU,E14000824
7JW,E14000824
7JX,E14000824
7JY,E14000824
7JZ,E14000824
7LA,E14000824
7LD,E14000824
7LE,E14000824
7LF,E14000824
7LG,E14000824
7LH,E14000824
7LJ,E14000824
7LL,E14001047
7LN,E14000824
7LT,E14000824
7LW,E14000824
7YF,E14001047
7ZN,E14001047
7ZW,E14001047
