"pc","ca"
4NA,S14000055
4NG,S14000055
4NH,S14000055
4NJ,S14000055
4NL,S14000055
4NN,S14000055
4NP,S14000055
4NR,S14000055
4NS,S14000055
4NT,S14000055
4NU,S14000055
4NW,S14000055
4NX,S14000055
