"pc","ca"
1AA,E14000920
1AB,E14000920
1AD,E14000920
1AG,E14000920
1AH,E14000920
1AJ,E14000920
1AL,E14000920
1AN,E14000920
1AP,E14000920
1AQ,E14000920
1AR,E14000920
1AS,E14000920
1AT,E14000920
1AU,E14000920
1AW,E14000920
1AX,E14000920
1AY,E14000920
1AZ,E14000920
1BA,E14000920
1BB,E14000920
1BD,E14000920
1BE,E14000920
1BF,E14000920
2AA,E14000920
2AB,E14000920
2AD,E14000920
2AE,E14000920
2AH,E14000920
2AJ,E14000920
2AP,E14000920
2AQ,E14000920
2AR,E14000920
2AS,E14000920
3AA,E14000920
3AD,E14000920
3AE,E14000920
