"pc","ca"
1AA,S12000044
1AB,S12000044
1AD,S12000044
1AE,S12000044
1AF,S12000044
1AG,S12000044
1AH,S12000044
1AL,S12000044
1AN,S12000044
1AP,S12000044
1AQ,S12000044
1AU,S12000044
1AW,S12000044
1AX,S12000044
1AZ,S12000044
1BD,S12000044
1BE,S12000044
1BF,S12000044
1BG,S12000044
1BH,S12000044
1BJ,S12000044
1BP,S12000044
1BT,S12000044
1BU,S12000044
1BZ,S12000044
1DA,S12000044
1DE,S12000044
1DF,S12000044
1DJ,S12000044
1DP,S12000044
1DS,S12000044
1DW,S12000044
1DY,S12000044
1DZ,S12000044
1EE,S12000044
1EN,S12000044
1EP,S12000044
1EQ,S12000044
1ER,S12000044
1ES,S12000044
1ET,S12000044
1EW,S12000044
1EX,S12000044
1EY,S12000044
1EZ,S12000044
1HE,S12000044
1HF,S12000044
1HG,S12000044
1HH,S12000044
1HJ,S12000044
1HL,S12000044
1HN,S12000044
1HQ,S12000044
1HS,S12000044
1HU,S12000044
1HW,S12000044
1JB,S12000044
1JD,S12000044
1JE,S12000044
1JF,S12000044
1JG,S12000044
1JH,S12000044
1JJ,S12000044
1JL,S12000044
1JN,S12000044
1JQ,S12000044
1JW,S12000044
1JX,S12000044
1LA,S12000044
1LE,S12000044
1LF,S12000044
1LG,S12000044
1LH,S12000044
1LJ,S12000044
1LL,S12000044
1LN,S12000044
1LP,S12000044
1LQ,S12000044
1LR,S12000044
1LS,S12000044
1LT,S12000044
1LU,S12000044
1LX,S12000044
1LY,S12000044
1LZ,S12000044
1NB,S12000044
1ND,S12000044
1NE,S12000044
1NG,S12000044
1NN,S12000044
1NP,S12000044
1NQ,S12000044
1NR,S12000044
1NS,S12000044
1NT,S12000044
1NU,S12000044
1NW,S12000044
1NX,S12000044
1NY,S12000044
1NZ,S12000044
1PA,S12000044
1PB,S12000044
1PD,S12000044
1PE,S12000044
1PF,S12000044
1PG,S12000044
1PQ,S12000044
1PY,S12000044
1PZ,S12000044
1QA,S12000044
1QB,S12000044
1QP,S12000044
1QR,S12000044
1QW,S12000044
1XW,S12000044
1YF,S12000044
1YU,S12000044
1YZ,S12000044
2AF,S12000044
2AG,S12000044
2AH,S12000044
2AJ,S12000044
2AL,S12000044
2AN,S12000044
2AP,S12000044
2AQ,S12000044
2AU,S12000044
2AW,S12000044
2AX,S12000044
2AY,S12000044
2AZ,S12000044
2BA,S12000044
2BD,S12000044
2BE,S12000044
2BG,S12000044
2BH,S12000044
2BJ,S12000044
2BL,S12000044
2BN,S12000044
2BP,S12000044
2BQ,S12000044
2BS,S12000044
2BT,S12000044
2BU,S12000044
2BW,S12000044
2BX,S12000044
2BY,S12000044
2BZ,S12000044
2DA,S12000044
2DB,S12000044
2DD,S12000044
2DE,S12000044
2DL,S12000044
2DN,S12000044
2DP,S12000044
2DR,S12000044
2DS,S12000044
2DT,S12000044
2DU,S12000044
2DW,S12000044
2DX,S12000044
2DY,S12000044
2DZ,S12000044
2EA,S12000044
2EB,S12000044
2ED,S12000044
2EE,S12000044
2EF,S12000044
2EL,S12000044
2EN,S12000044
2EP,S12000044
2ER,S12000044
2ES,S12000044
2ET,S12000044
2EU,S12000044
2EW,S12000044
2EX,S12000044
2EY,S12000044
2EZ,S12000044
2HA,S12000044
2HB,S12000044
2HD,S12000044
2HE,S12000044
2HF,S12000044
2HG,S12000044
2HN,S12000044
2HP,S12000044
2HQ,S12000044
2HR,S12000044
2HU,S12000044
2HW,S12000044
2HX,S12000044
2HY,S12000044
2HZ,S12000044
2JD,S12000044
2JE,S12000044
2JF,S12000044
2JG,S12000044
2JH,S12000044
2JQ,S12000044
2JR,S12000044
2JS,S12000044
2JT,S12000044
2JU,S12000044
2JX,S12000044
2JY,S12000044
2JZ,S12000044
2LA,S12000044
2LB,S12000044
2LD,S12000044
2LE,S12000044
2LF,S12000044
2LG,S12000044
2LH,S12000044
2LJ,S12000044
2LP,S12000044
2LQ,S12000044
2LR,S12000044
2LS,S12000044
2LT,S12000044
2LU,S12000044
2LX,S12000044
2LY,S12000044
2LZ,S12000044
2NB,S12000044
2ND,S12000044
2NE,S12000044
2NH,S12000044
2NJ,S12000044
2NL,S12000044
2NN,S12000044
2NP,S12000044
2NR,S12000044
2NS,S12000044
2NT,S12000044
2NU,S12000044
2NW,S12000044
2NX,S12000044
2NY,S12000044
2NZ,S12000044
2PA,S12000044
2PD,S12000044
2PE,S12000044
2PF,S12000044
2PG,S12000044
2PH,S12000044
2PJ,S12000044
2PL,S12000044
2PN,S12000044
2PP,S12000044
2PQ,S12000044
2PR,S12000044
2PS,S12000044
2PT,S12000044
2PU,S12000044
2PW,S12000044
2PX,S12000044
2PY,S12000044
2PZ,S12000044
2QA,S12000044
2QB,S12000044
2QD,S12000044
2QE,S12000044
2QF,S12000044
2QG,S12000044
2QH,S12000044
2QJ,S12000044
2QL,S12000044
2QN,S12000044
2QP,S12000044
2QQ,S12000044
2QR,S12000044
2QW,S12000044
2QY,S12000044
2QZ,S12000044
2RA,S12000044
2RB,S12000044
2RD,S12000044
2RE,S12000044
2RF,S12000044
2RG,S12000044
2RH,S12000044
2RL,S12000044
2RN,S12000044
2RQ,S12000044
2RR,S12000044
2RS,S12000044
2RT,S12000044
2RU,S12000044
2RX,S12000044
2RY,S12000044
2RZ,S12000044
2SA,S12000044
2SB,S12000044
2SD,S12000044
2SE,S12000044
2SF,S12000044
2SG,S12000044
2SH,S12000044
2SJ,S12000044
2SL,S12000044
2SN,S12000044
2SP,S12000044
2SQ,S12000044
2SR,S12000044
2SS,S12000044
2ST,S12000044
2SU,S12000044
2SW,S12000044
2TB,S12000044
2TF,S12000044
2TL,S12000044
2TS,S12000044
2TT,S12000044
2TU,S12000044
2TW,S12000044
2TX,S12000044
2UA,S12000044
2UB,S12000044
2UD,S12000044
2UE,S12000044
2UF,S12000044
2UH,S12000044
2UL,S12000044
2UQ,S12000044
2XJ,S12000044
2XN,S12000044
2XU,S12000044
2XX,S12000044
2YG,S12000044
2YQ,S12000044
3AA,S12000044
3AB,S12000044
3AD,S12000044
3AE,S12000044
3AF,S12000044
3AG,S12000044
3AH,S12000044
3AJ,S12000044
3AL,S12000044
3AN,S12000044
3AP,S12000044
3AQ,S12000044
3AR,S12000044
3AS,S12000044
3AT,S12000044
3AU,S12000044
3AW,S12000044
3AX,S12000044
3AY,S12000044
3AZ,S12000044
3BA,S12000044
3BB,S12000044
3BD,S12000044
3BE,S12000044
3BG,S12000044
3BH,S12000044
3BJ,S12000044
3BL,S12000044
3BN,S12000044
3BP,S12000044
3BS,S12000044
3BT,S12000044
3BU,S12000044
3BW,S12000044
3BX,S12000044
3BY,S12000044
3BZ,S12000044
3DA,S12000044
3DB,S12000044
3DF,S12000044
3DG,S12000044
3DL,S12000044
3DP,S12000044
3DR,S12000044
3DS,S12000044
3DT,S12000044
3DU,S12000044
3DX,S12000044
3DY,S12000044
3DZ,S12000044
3EA,S12000044
3EB,S12000044
3ED,S12000044
3EE,S12000044
3EH,S12000044
3EN,S12000044
3EQ,S12000044
3HT,S12000044
3HU,S12000044
3HX,S12000044
3JG,S12000044
3JL,S12000044
3JN,S12000014
3JS,S12000044
3JW,S12000044
3JZ,S12000044
3LD,S12000044
3LE,S12000044
3LF,S12000044
3LG,S12000044
3LH,S12000044
3LJ,S12000044
3LL,S12000044
3LN,S12000044
3LP,S12000044
3LQ,S12000044
3LR,S12000044
3LS,S12000044
3LT,S12000044
3LU,S12000044
3LW,S12000044
3LX,S12000044
3LY,S12000044
3NA,S12000044
3NB,S12000044
3ND,S12000044
3NE,S12000044
3NF,S12000044
3NG,S12000044
3NH,S12000044
3NJ,S12000044
3NL,S12000044
3NN,S12000044
3NP,S12000044
3NQ,S12000044
3NR,S12000044
3NS,S12000044
3NT,S12000044
3NW,S12000044
3NX,S12000044
3NZ,S12000044
3PA,S12000044
3PB,S12000044
3PD,S12000044
3PE,S12000044
3PF,S12000044
3PG,S12000044
3PH,S12000044
3PQ,S12000044
3PR,S12000044
3PS,S12000044
3PU,S12000044
3PY,S12000044
3QA,S12000044
3QB,S12000044
3QJ,S12000044
3QL,S12000044
3QS,S12000044
4AA,S12000044
4AB,S12000044
4AD,S12000044
4AE,S12000044
4AF,S12000044
4AG,S12000044
4AH,S12000044
4AJ,S12000044
4AL,S12000044
4AN,S12000044
4AP,S12000044
4AQ,S12000044
4AR,S12000044
4AS,S12000044
4AT,S12000044
4AU,S12000044
4AW,S12000044
4AX,S12000044
4AY,S12000044
4AZ,S12000044
4BA,S12000044
4BB,S12000044
4BD,S12000044
4BE,S12000044
4BG,S12000044
4BH,S12000044
4BJ,S12000044
4BL,S12000044
4BN,S12000044
4BP,S12000044
4BQ,S12000044
4BS,S12000044
4BT,S12000044
4BU,S12000044
4BW,S12000044
4BX,S12000044
4BY,S12000044
4BZ,S12000044
4DA,S12000044
4DB,S12000044
4DD,S12000044
4DE,S12000044
4DF,S12000044
4DG,S12000044
4DJ,S12000044
4DL,S12000044
4DN,S12000044
4DP,S12000044
4DR,S12000044
4DS,S12000044
4DT,S12000044
4DU,S12000044
4DW,S12000044
4DX,S12000044
4DY,S12000044
4DZ,S12000044
4EA,S12000044
4EB,S12000044
4ED,S12000044
4EE,S12000044
4EF,S12000044
4EG,S12000044
4EH,S12000044
4EJ,S12000044
4EL,S12000044
4EN,S12000044
4EP,S12000044
4EQ,S12000044
4ER,S12000044
4ES,S12000044
4ET,S12000044
4EU,S12000044
4EW,S12000044
4EX,S12000044
4EZ,S12000044
4FB,S12000044
4GY,S12000044
4GZ,S12000044
4HA,S12000044
4HB,S12000044
4HD,S12000044
4HE,S12000044
4HF,S12000044
4HG,S12000044
4HH,S12000044
4HJ,S12000044
4HL,S12000044
4HN,S12000044
4HP,S12000044
4HQ,S12000044
4HR,S12000044
4HS,S12000044
4HU,S12000044
4HW,S12000044
4JA,S12000044
4JB,S12000044
4JD,S12000044
4JE,S12000044
4JF,S12000044
4JG,S12000044
4JH,S12000044
4JJ,S12000044
4JL,S12000044
4JN,S12000044
4JP,S12000044
4JQ,S12000044
4JR,S12000044
4JS,S12000044
4JT,S12000044
4JU,S12000044
4JW,S12000044
4JX,S12000044
4JY,S12000044
4LA,S12000044
4LB,S12000044
4LD,S12000044
4LE,S12000044
4LF,S12000044
4LG,S12000044
4LH,S12000044
4LJ,S12000044
4LL,S12000044
4LN,S12000044
4LP,S12000044
4LQ,S12000044
4LR,S12000044
4LS,S12000044
4LW,S12000044
4NA,S12000044
4NB,S12000044
4ND,S12000044
4NL,S12000044
4NP,S12000044
4NR,S12000044
4NS,S12000044
4NT,S12000044
4NU,S12000044
4NX,S12000044
4PA,S12000044
4QA,S12000044
4QB,S12000044
4QG,S12000044
4QH,S12000044
4QN,S12000044
4RA,S12000044
4RB,S12000044
4RG,S12000044
4RL,S12000044
4RN,S12000044
4RS,S12000044
4RU,S12000044
4RW,S12000044
4RY,S12000044
4SA,S12000044
4SB,S12000044
4SE,S12000044
4SF,S12000044
4SH,S12000044
4SL,S12000044
4SW,S12000044
4YD,S12000044
4YJ,S12000044
4YL,S12000044
4YT,S12000044
9AF,S12000044
9AY,S12000044
9DP,S12000044
9DQ,S12000044
9DU,S12000044
9DW,S12000044
9DX,S12000044
9DY,S12000044
9EB,S12000044
9EF,S12000044
9EL,S12000044
9EP,S12000044
9ER,S12000044
9ET,S12000044
9EU,S12000044
9EW,S12000044
9FA,S12000044
9FD,S12000044
