"pc","ca"
1AA,E07000092
1AD,E07000092
1AE,E07000092
1AF,E07000092
1AG,E07000092
1AH,E07000092
1AJ,E07000092
1AL,E07000092
1AN,E07000092
1AP,E07000092
1AQ,E07000092
1AR,E07000092
1AS,E07000092
1AT,E07000092
1AU,E07000092
1AW,E07000092
1AX,E07000092
1AY,E07000092
1AZ,E07000092
1BA,E07000092
1BB,E07000092
1BG,E07000092
1BH,E07000092
1BJ,E07000092
1BL,E07000092
1BP,E07000092
1BT,E07000092
1BX,E07000092
1BY,E07000092
1DA,E07000092
1DB,E07000092
1DH,E07000092
1DJ,E07000092
1DL,E07000092
1DP,E07000092
1DQ,E07000092
1DU,E07000092
1DX,E07000092
1DY,E07000092
1DZ,E07000092
1EA,E07000092
1EE,E07000092
1EG,E07000092
1EH,E07000092
1EJ,E07000092
1EP,E07000092
1EU,E07000092
1EW,E07000092
1EX,E07000092
1EY,E07000092
1FA,E07000092
1FB,E07000092
1FD,E07000092
1FE,E07000092
1FF,E07000092
1HA,E07000092
1HB,E07000092
1HD,E07000092
1HE,E07000092
1HF,E07000092
1HG,E07000092
1HH,E07000092
1HJ,E07000092
1HL,E07000092
1HN,E07000092
1HP,E07000092
1HQ,E07000092
1HR,E07000092
1HS,E07000092
1HT,E07000092
1HX,E07000092
1HY,E07000092
1HZ,E07000092
1JE,E07000092
1JG,E07000092
1JP,E07000092
1JQ,E07000092
1JR,E07000092
1JU,E07000092
1JW,E07000092
1JX,E07000092
1JZ,E07000092
1LB,E07000092
1LE,E07000092
1LF,E07000092
1LG,E07000092
1LH,E07000092
1LJ,E07000092
1LP,E07000092
1LQ,E07000092
1LR,E07000092
1LS,E07000092
1LT,E07000092
1LW,E07000092
1LY,E07000092
1LZ,E07000092
1NA,E07000092
1NB,E07000092
1ND,E07000092
1NE,E07000092
1NF,E07000092
1NG,E07000092
1NH,E07000092
1NJ,E07000092
1NL,E07000092
1NR,E07000092
1NS,E07000092
1NW,E07000092
1NX,E07000092
1NY,E07000092
1NZ,E07000092
1PB,E07000092
1PE,E07000092
1PF,E07000092
1PH,E07000092
1PL,E07000092
1PR,E07000092
1PS,E07000092
1PT,E07000092
1PZ,E07000092
1QA,E07000092
1QB,E07000092
1QD,E07000092
1QE,E07000092
1QF,E07000092
1QG,E07000092
1QJ,E07000092
1QL,E07000092
1QN,E07000092
1QQ,E07000092
1QT,E07000092
1QU,E07000092
1QW,E07000092
1QX,E07000092
1QY,E07000092
1QZ,E07000092
1RB,E07000092
1RD,E07000092
1RE,E07000092
1RF,E07000092
1RG,E07000092
1RH,E07000092
1RJ,E07000092
1RL,E07000092
1RN,E07000092
1RP,E07000092
1RR,E07000092
1RY,E07000092
1SD,E07000092
1SG,E07000092
1SH,E07000092
1SJ,E07000092
1SL,E07000092
1SQ,E07000092
1SS,E07000092
1SU,E07000092
1SZ,E07000092
1TD,E07000092
1TE,E07000092
1TF,E07000092
1TG,E07000092
1TH,E07000092
1TJ,E07000092
1TL,E07000092
1TP,E07000092
1TQ,E07000092
1TR,E07000092
1TS,E07000092
1TT,E07000092
1TU,E07000092
1TW,E07000092
1TY,E07000092
1TZ,E07000092
1UD,E07000092
1UE,E07000092
1UL,E07000092
1WF,E07000092
1WG,E07000092
1WT,E07000092
1WW,E07000092
1XQ,E07000092
1YA,E07000092
1YB,E07000092
1YD,E07000092
1YE,E07000092
1YF,E07000092
1YG,E07000092
1YH,E07000092
1YQ,E07000092
1YR,E07000092
1YS,E07000092
1YT,E07000092
1YU,E07000092
1YX,E07000092
1YY,E07000092
1YZ,E07000092
2AA,E07000092
2AD,E07000092
2AE,E07000092
2AH,E07000092
2AQ,E07000092
2BD,E07000092
2BE,E07000092
2BG,E07000092
2BP,E07000092
2BS,E07000092
2BT,E07000092
2BU,E07000092
2BX,E07000092
2BY,E07000092
2BZ,E07000092
2DD,E07000092
2DF,E07000092
2DG,E07000092
2DN,E07000092
2DU,E07000092
2DX,E07000092
2EB,E07000092
2ED,E07000092
2EE,E07000092
2EF,E07000092
2EG,E07000092
2EL,E07000092
2EN,E07000092
2EQ,E07000092
2ER,E07000092
2ES,E07000092
2ET,E07000092
2EU,E07000092
2EX,E07000092
2EY,E07000092
2HA,E07000092
2HB,E07000092
2HD,E07000092
2HE,E07000092
2HF,E07000092
2HG,E07000092
2HH,E07000092
2HJ,E07000092
2HL,E07000092
2HP,E07000092
2HR,E07000092
2HS,E07000092
2HT,E07000092
2JH,E07000092
2JL,E07000092
2JN,E07000092
2LB,E07000092
2LD,E07000092
2LF,E07000092
2LG,E07000092
2LN,E07000092
2LP,E07000092
2LQ,E07000092
2LS,E07000092
2LT,E07000092
2LU,E07000092
2LW,E07000092
2LY,E07000092
2LZ,E07000092
2NB,E07000092
2ND,E07000092
2NE,E07000092
2NF,E07000092
2NG,E07000092
2NH,E07000092
2NJ,E07000092
2NN,E07000092
2NQ,E07000092
2NS,E07000092
2NT,E07000092
2NX,E07000092
2NZ,E07000092
2PB,E07000092
2PE,E07000092
2PF,E07000092
2PG,E07000092
2PH,E07000092
2PN,E07000092
2PP,E07000092
2PQ,E07000092
2PS,E07000092
2PT,E07000092
2PU,E07000092
2PW,E07000092
2PX,E07000092
2PY,E07000092
2PZ,E07000092
2QH,E07000092
2QJ,E07000092
2QL,E07000092
2QN,E07000092
2QP,E07000092
2QQ,E07000092
2QR,E07000092
2QS,E07000092
2QT,E07000092
2QW,E07000092
2RE,E07000092
2WZ,E07000092
3AA,E07000092
3AB,E07000092
3AD,E07000092
3AE,E07000092
3AF,E07000092
3AG,E07000092
3AH,E07000092
3AJ,E07000092
3AN,E07000092
3AP,E07000092
3AQ,E07000092
3AR,E07000092
3AS,E07000092
3AT,E07000092
3AU,E07000092
3AW,E07000092
3AX,E07000092
3AY,E07000092
3AZ,E07000092
3BA,E07000092
3BB,E07000092
3BD,E07000092
3BE,E07000092
3BF,E07000092
3BG,E07000092
3BH,E07000092
3BJ,E07000092
3BL,E07000092
3BN,E07000092
3BP,E07000092
3BQ,E07000092
3BS,E07000092
3BT,E07000092
3BW,E07000092
3BX,E07000092
3BY,E07000092
3BZ,E07000092
3DA,E07000092
3DB,E07000092
3DD,E07000092
3DE,E07000092
3DF,E07000092
3DG,E07000092
3DH,E07000092
3DJ,E07000092
3DL,E07000092
3DN,E07000092
3DP,E07000092
3DQ,E07000092
3DR,E07000092
3DS,E07000092
3DU,E07000092
3DW,E07000092
3DX,E07000092
3DY,E07000092
3DZ,E07000092
3EA,E07000092
3EB,E07000092
3ED,E07000092
3EE,E07000092
3EF,E07000092
3EH,E07000092
3EJ,E07000092
3EL,E07000092
3EN,E07000092
3EP,E07000092
3EQ,E07000092
3ER,E07000092
3ES,E07000092
3ET,E07000092
3EU,E07000092
3EW,E07000092
3EX,E07000092
3EY,E07000092
3EZ,E07000092
3FH,E07000092
3FJ,E07000092
3FL,E07000092
3FN,E07000092
3FP,E07000092
3FQ,E07000092
3FR,E07000092
3FS,E07000092
3GL,E07000092
3GY,E07000092
3GZ,E07000092
3HA,E07000092
3HB,E07000092
3HD,E07000092
3HE,E07000092
3HF,E07000092
3HG,E07000092
3HH,E07000092
3HJ,E07000092
3HL,E07000092
3HN,E07000092
3HP,E07000092
3HQ,E07000092
3HR,E07000092
3HT,E07000092
3HU,E07000092
3HW,E07000092
3HX,E07000092
3HY,E07000092
3HZ,E07000092
3JB,E07000092
3JD,E07000092
3JE,E07000092
3JF,E07000092
3JG,E07000092
3JH,E07000092
3JJ,E07000092
3JL,E07000092
3JN,E07000092
3JP,E07000092
3JQ,E07000092
3JR,E07000092
3JS,E07000092
3JT,E07000092
3JU,E07000092
3JW,E07000092
3JX,E07000092
3JY,E07000092
3JZ,E07000092
3LA,E07000092
3LB,E07000092
3LD,E07000092
3LE,E07000092
3LF,E07000092
3LG,E07000092
3LH,E07000092
3LJ,E07000092
3LL,E07000092
3LN,E07000092
3LP,E07000092
3LQ,E07000092
3LR,E07000092
3LS,E07000092
3LT,E07000092
3LU,E07000092
3LW,E07000092
3LX,E07000092
3LY,E07000092
3LZ,E07000092
3NA,E07000092
3NB,E07000092
3ND,E07000092
3NE,E07000092
3NF,E07000092
3NG,E07000092
3NH,E07000092
3NJ,E07000092
3NL,E07000092
3NN,E07000092
3NP,E07000092
3NQ,E07000092
3NR,E07000092
3NS,E07000092
3NT,E07000092
3NU,E07000092
3NW,E07000092
3NX,E07000092
3NY,E07000092
3NZ,E07000092
3PA,E07000092
3PB,E07000092
3PD,E07000092
3PE,E07000092
3PF,E07000092
3PG,E07000092
3PH,E07000092
3PJ,E07000092
3PL,E07000092
3PN,E07000092
3PP,E07000092
3PQ,E07000092
3PR,E07000092
3PS,E07000092
3PT,E07000092
3PU,E07000092
3PW,E07000092
3PX,E07000092
3PY,E07000092
3PZ,E07000092
3QA,E07000092
3QB,E07000092
3QD,E07000092
3QE,E07000092
3QF,E07000092
3QG,E07000092
3QH,E07000092
3QJ,E07000092
3QL,E07000092
3QN,E07000092
3QP,E07000092
3QQ,E07000092
3QR,E07000092
3QS,E07000092
3QT,E07000092
3QU,E07000092
3QW,E07000092
3QX,E07000092
3QY,E07000092
3QZ,E07000092
3RA,E07000092
3RB,E07000092
3RD,E07000092
3RE,E07000092
3RF,E07000092
3RG,E07000092
3RH,E07000092
3RJ,E07000092
3RL,E07000092
3RN,E07000092
3RP,E07000092
3RQ,E07000092
3RR,E07000092
3RS,E07000092
3RT,E07000092
3RU,E07000092
3RW,E07000092
3RX,E07000092
3RY,E07000092
3SB,E07000092
3SD,E07000092
3SE,E07000092
3SF,E07000092
3SG,E07000092
3SH,E07000092
3SJ,E07000092
3SL,E07000092
3SN,E07000092
3SP,E07000092
3SQ,E07000092
3SR,E07000092
3SS,E07000092
3ST,E07000092
3SU,E07000092
3SW,E07000092
3SX,E07000092
3SY,E07000092
3SZ,E07000092
3TA,E07000092
3TB,E07000092
3TD,E07000092
3TG,E07000092
3TN,E07000092
3TQ,E07000092
3TW,E07000092
3TY,E07000092
3TZ,E07000092
3UA,E07000092
3UE,E07000092
3UF,E07000092
3UG,E07000092
3UH,E07000092
3UQ,E07000092
3XA,E07000092
3XE,E07000092
3XF,E07000092
3XG,E07000092
3XL,E07000092
3XP,E07000092
3XQ,E07000092
3YA,E07000092
3YB,E07000092
3ZQ,E07000092
3ZS,E07000092
4AB,E07000092
4AN,E07000092
4AP,E07000092
9AL,E07000092
9BB,E07000092
9BS,E07000092
9BT,E07000092
9DE,E07000092
9DZ,E07000092
9EA,E07000092
9EE,E07000092
9EP,E07000092
9ER,E07000092
9EX,E07000092
9FD,E07000092
9FG,E07000092
9FP,E07000092
9FQ,E07000092
9FS,E07000092
9FT,E07000092
9FU,E07000092
9FX,E07000092
9FZ,E07000092
9GA,E07000092
9GF,E07000092
9GG,E07000092
9GW,E07000092
9GX,E07000092
9GY,E07000092
9HF,E07000092
9WR,E07000092
9XP,E07000092
9XX,E07000092
