"pc","ca"
0AA,E07000004
0AB,E07000004
0AD,E07000004
0AE,E07000004
0AF,E07000004
0AG,E07000004
0AH,E07000004
0AJ,E07000004
0AL,E07000004
0AN,E07000004
0AP,E07000004
0AQ,E07000004
0AR,E07000004
0AS,E07000004
0AT,E07000004
0AU,E07000004
0AW,E07000004
0AX,E07000004
0AY,E07000004
0AZ,E07000004
0BA,E07000004
0BB,E07000004
0BD,E07000004
0BE,E07000004
0BG,E07000004
0BH,E07000004
0BJ,E07000004
0BL,E07000004
0BN,E07000004
0BP,E07000004
0BQ,E07000004
0BS,E07000004
0BT,E07000004
0BU,E07000004
0BW,E07000004
0BX,E07000004
0BY,E07000004
0BZ,E07000004
0DA,E07000004
0DB,E07000004
0DD,E07000004
0DE,E07000004
0DF,E07000004
0DG,E07000004
0DH,E07000004
0DJ,E07000004
0DL,E07000004
0DN,E07000004
0DP,E07000004
0DQ,E07000004
0DR,E07000004
0DS,E07000004
0DT,E07000004
0DU,E07000004
0DW,E07000004
0DX,E07000004
0DY,E07000004
0DZ,E07000004
0EA,E07000004
0EB,E07000004
0ED,E07000004
0EE,E07000004
0EF,E07000004
0EG,E07000004
0EH,E07000004
0EJ,E07000004
0EL,E07000004
0EN,E07000004
0EP,E07000004
0EQ,E07000004
0ER,E07000004
0ES,E07000004
0ET,E07000004
0EU,E07000004
0EW,E07000004
0EX,E07000004
0EY,E07000004
0EZ,E07000004
0FA,E07000004
0FD,E07000004
0FF,E07000004
0FG,E07000004
0FH,E07000004
0FJ,E07000004
0FL,E07000004
0FN,E07000004
0FP,E07000004
0FQ,E07000004
0FR,E07000004
0FS,E07000004
0FT,E07000004
0FU,E07000004
0FW,E07000004
0FX,E07000004
0FY,E07000004
0FZ,E07000004
0GA,E07000004
0GB,E07000004
0GD,E07000004
0GF,E07000004
0GG,E07000004
0GH,E07000004
0GJ,E07000004
0GL,E07000004
0GN,E07000004
0GP,E07000004
0GQ,E07000004
0GR,E07000004
0GS,E07000004
0GT,E07000004
0GU,E07000004
0GW,E07000004
0GX,E07000004
0GY,E07000004
0GZ,E07000004
0HA,E07000004
0HB,E07000004
0HD,E07000004
0HE,E07000004
0HF,E07000004
0HG,E07000004
0HH,E07000004
0HJ,E07000004
0HL,E07000004
0HP,E07000004
0HQ,E07000004
0HR,E07000004
0HS,E07000004
0HT,E07000004
0HW,E07000004
0HX,E07000004
0HY,E07000004
0HZ,E07000004
0JA,E07000004
0JB,E07000004
0JD,E07000004
0JE,E07000004
0JF,E07000004
0JG,E07000004
0JH,E07000004
0JJ,E07000004
0JN,E07000004
0JP,E07000004
0JQ,E07000004
0JR,E07000004
0JS,E07000004
0JT,E07000004
0JU,E07000004
0JW,E07000004
0JX,E07000004
0JY,E07000004
0JZ,E07000004
0LA,E07000004
0LB,E07000004
0LD,E07000004
0LE,E07000004
0LF,E07000004
0LG,E07000004
0LH,E07000004
0LJ,E07000004
0LL,E07000004
0LN,E07000004
0LP,E07000004
0LQ,E07000004
0LR,E07000004
0LS,E07000004
0LT,E07000004
0LU,E07000004
0LW,E07000004
0LX,E07000004
0LY,E07000004
0LZ,E07000004
0NA,E07000004
0NB,E07000004
0ND,E07000004
0NE,E07000004
0NF,E07000004
0NG,E07000004
0NH,E07000004
0NJ,E07000004
0NN,E07000004
0NP,E07000004
0NQ,E07000004
0NR,E07000004
0NS,E07000004
0NT,E07000004
0NU,E07000004
0NX,E07000004
0NY,E07000004
0PA,E07000004
0PB,E07000004
0PD,E07000004
0PE,E07000004
0PG,E07000004
0PH,E07000004
0PJ,E07000004
0PL,E07000004
0PN,E07000004
0PQ,E07000004
0PR,E07000004
0PS,E07000004
0PT,E07000004
0PW,E07000004
0PX,E07000004
0PY,E07000004
0PZ,E07000004
0QA,E07000004
0QB,E07000004
0QD,E07000004
0QE,E07000004
0QF,E07000004
0QG,E07000004
0QH,E07000004
0QJ,E07000004
0QL,E07000004
0QN,E07000004
0QP,E07000004
0QQ,E07000004
0QR,E07000004
0QT,E07000004
0QU,E07000004
0QW,E07000004
0QX,E07000004
0QY,E07000004
0RA,E07000004
0RB,E07000004
0RD,E07000004
0RF,E07000004
0RG,E07000004
0RH,E07000004
0RL,E07000004
0RN,E07000004
0RP,E07000004
0RS,E07000004
0RT,E07000004
0RU,E07000004
0RX,E07000004
0RY,E07000004
0RZ,E07000004
0SA,E07000004
0SB,E07000004
0SD,E07000004
0SE,E07000004
0SF,E07000004
0SG,E07000004
0SH,E07000004
0SJ,E07000004
0SL,E07000004
0SN,E07000004
0SP,E07000004
0SQ,E07000004
0SR,E07000004
0SS,E07000004
0ST,E07000004
0SU,E07000004
0SW,E07000004
0SX,E07000004
0SY,E07000004
0SZ,E07000004
0TA,E07000004
0TD,E07000004
0TE,E07000004
0TF,E07000004
0TG,E07000004
0TH,E07000004
0TJ,E07000004
0TL,E07000004
0TN,E07000004
0TP,E07000004
0TQ,E07000004
0TR,E07000004
0TS,E07000004
0TT,E07000004
0TU,E07000004
0TW,E07000004
0TX,E07000004
0TY,E07000004
0TZ,E07000004
0UA,E07000004
0UB,E07000004
0UD,E07000004
0UE,E07000004
0UF,E07000004
0UG,E07000004
0UH,E07000004
0UJ,E07000004
0UL,E07000004
0UN,E07000004
0UP,E07000004
0UQ,E07000004
0UR,E07000004
0US,E07000004
0UT,E07000004
0UW,E07000004
0UX,E07000004
0UY,E07000004
0UZ,E07000004
0WD,E07000004
0WG,E07000004
0WH,E07000004
0WJ,E07000004
0WL,E07000004
0WN,E07000004
0WP,E07000004
0WQ,E07000004
0WR,E07000004
0WS,E07000004
0WT,E07000004
0WU,E07000004
0WW,E07000004
0WX,E07000004
0WY,E07000004
0XA,E07000004
0XB,E07000004
0XD,E07000004
0XE,E07000004
0XF,E07000004
0XG,E07000004
0XH,E07000004
0XL,E07000004
0XN,E07000004
0XS,E07000004
0XW,E07000004
0XX,E07000004
0XY,E07000004
0YE,E07000004
0YF,E07000004
0YG,E07000004
0YH,E07000004
0YJ,E07000004
0YN,E07000004
0YQ,E07000004
0YS,E07000004
0YW,E07000004
0YY,E07000004
0YZ,E07000004
0ZA,E07000004
0ZD,E07000004
0ZH,E07000004
0ZJ,E07000004
0ZL,E07000004
0ZN,E07000004
0ZP,E07000004
0ZR,E07000004
0ZU,E07000004
9AA,E07000004
9AB,E07000004
9AD,E07000004
9AE,E07000004
9AF,E07000004
9AG,E07000004
9AH,E07000004
9AJ,E07000004
9AL,E07000004
9AN,E07000004
9AP,E07000004
9AQ,E07000004
9AR,E07000004
9AS,E07000004
9AT,E07000004
9AU,E07000004
9AW,E07000004
9AX,E07000004
9AY,E07000004
9AZ,E07000004
9BA,E07000004
9BB,E07000004
9BE,E07000004
9BF,E07000004
9BG,E07000004
9BH,E07000004
9BJ,E07000004
9BL,E07000004
9BN,E07000004
9BP,E07000004
9BQ,E07000004
9BS,E07000004
9BT,E07000004
9BU,E07000004
9BW,E07000004
9BX,E07000004
9BY,E07000004
9BZ,E07000004
9DA,E07000004
9DB,E07000004
9DD,E07000004
9DE,E07000004
9DF,E07000004
9DG,E07000004
9DH,E07000004
9DJ,E07000004
9DL,E07000004
9DN,E07000004
9DP,E07000004
9DQ,E07000004
9DR,E07000004
9DS,E07000004
9DT,E07000004
9DU,E07000004
9DW,E07000004
9DX,E07000004
9DZ,E07000004
9ED,E07000004
9EE,E07000004
9EF,E07000004
9EG,E07000004
9EJ,E07000004
9EL,E07000004
9EN,E07000004
9EP,E07000004
9EQ,E07000004
9ER,E07000004
9ES,E07000004
9ET,E07000004
9EU,E07000004
9EW,E07000004
9EX,E07000004
9EY,E07000004
9EZ,E07000004
9FE,E07000004
9FF,E07000004
9FG,E07000004
9FN,E07000004
9FY,E07000004
9GD,E07000004
9GE,E07000004
9HA,E07000004
9HB,E07000004
9HD,E07000004
9HE,E07000004
9HF,E07000004
9HG,E07000004
9HH,E07000004
9HJ,E07000004
9HL,E07000004
9HN,E07000004
9HP,E07000004
9HQ,E07000004
9HR,E07000004
9HS,E07000004
9HT,E07000004
9HU,E07000004
9HW,E07000004
9HX,E07000004
9HY,E07000004
9HZ,E07000004
9JA,E07000004
9JB,E07000004
9JD,E07000004
9JE,E07000004
9JF,E07000179
9JG,E07000004
9JH,E07000004
9JJ,E07000004
9JL,E07000004
9JN,E07000004
9JP,E07000004
9JQ,E07000004
9JR,E07000004
9JS,E07000004
9JT,E07000004
9JU,E07000004
9JW,E07000004
9JX,E07000004
9JY,E07000004
9JZ,E07000179
9LA,E07000004
9LB,E07000004
9LD,E07000004
9LE,E07000004
9LG,E07000004
9LJ,E07000004
9LL,E07000004
9LN,E07000004
9LP,E07000004
9LQ,E07000004
9LR,E07000004
9LS,E07000004
9LT,E07000004
9LU,E07000004
9LW,E07000004
9LX,E07000004
9LY,E07000004
9LZ,E07000004
9NA,E07000004
9NB,E07000004
9ND,E07000004
9NE,E07000004
9NF,E07000004
9NG,E07000004
9NH,E07000004
9NJ,E07000004
9NL,E07000004
9NP,E07000004
9NQ,E07000004
9NR,E07000004
9NS,E07000004
9NT,E07000004
9NU,E07000004
9NW,E07000004
9NX,E07000004
9NY,E07000004
9NZ,E07000004
9PA,E07000004
9PB,E07000004
9PD,E07000004
9PE,E07000004
9PF,E07000004
9PG,E07000004
9PH,E07000004
9PJ,E07000004
9PL,E07000004
9PN,E07000004
9PP,E07000004
9PQ,E07000004
9PS,E07000004
9PT,E07000004
9PU,E07000004
9PW,E07000004
9PX,E07000004
9PY,E07000004
9PZ,E07000004
9QA,E07000004
9QB,E07000004
9QD,E07000004
9QE,E07000004
9QF,E07000004
9QG,E07000004
9QH,E07000004
9QJ,E07000004
9QL,E07000004
9QN,E07000004
9QP,E07000004
9QQ,E07000004
9QR,E07000004
9QS,E07000004
9QT,E07000004
9QU,E07000004
9QW,E07000004
9QX,E07000004
9QY,E07000004
9QZ,E07000004
9RA,E07000004
9RB,E07000004
9RD,E07000004
9RE,E07000004
9RF,E07000004
9RG,E07000004
9RP,E07000004
9RQ,E07000004
9RR,E07000004
9RS,E07000004
9RT,E07000004
9RU,E07000004
9RW,E07000004
9RX,E07000004
9RY,E07000004
9RZ,E07000004
9SA,E07000004
9SB,E07000004
9SD,E07000004
9SE,E07000004
9SF,E07000004
9SG,E07000004
9SH,E07000004
9SJ,E07000004
9SL,E07000004
9SN,E07000004
9SP,E07000004
9ST,E07000004
9SU,E07000004
9SW,E07000004
9SX,E07000004
9SY,E07000004
9SZ,E07000004
9TA,E07000004
9TB,E07000004
9TD,E07000004
9TE,E07000004
9TF,E07000004
9TG,E07000004
9TH,E07000004
9TJ,E07000004
9TL,E07000004
9TN,E07000004
9TP,E07000004
9TQ,E07000004
9TU,E07000004
9TW,E07000004
9TX,E07000004
9TY,E07000004
9TZ,E07000004
9UA,E07000004
9UB,E07000004
9UD,E07000004
9UE,E07000004
9UH,E07000177
9UJ,E07000004
9UL,E07000004
9UN,E07000004
9UP,E07000004
9UR,E07000004
9UT,E07000004
9UU,E07000004
9UW,E07000004
9UX,E07000004
9UY,E07000177
9UZ,E07000177
9WY,E07000004
9XA,E07000177
9XB,E07000177
9XD,E07000177
9XE,E07000004
9XF,E07000179
9XH,E07000004
9XU,E07000004
9XX,E07000004
9XZ,E07000004
9YA,E07000004
9YD,E07000004
9YS,E07000004
