"pc","ca"
0AB,E06000035
0AE,E06000035
0AG,E06000035
0AJ,E06000035
0AP,E06000035
0AR,E06000035
0AW,E06000035
0AY,E06000035
0BA,E06000035
0BB,E06000035
0BE,E06000035
0BG,E06000035
0BH,E06000035
0BJ,E06000035
0BL,E06000035
0BN,E06000035
0BQ,E06000035
0BS,E06000035
0BT,E06000035
0BU,E06000035
0BW,E06000035
0BX,E06000035
0BY,E06000035
0BZ,E06000035
0DA,E06000035
0DB,E06000035
0DD,E06000035
0DF,E06000035
0DG,E06000035
0DH,E06000035
0DJ,E06000035
0DL,E06000035
0DN,E06000035
0DP,E06000035
0DQ,E06000035
0DR,E06000035
0DS,E06000035
0DT,E06000035
0DW,E06000035
0DX,E06000035
0EB,E06000035
0ED,E06000035
0EE,E06000035
0EF,E06000035
0EG,E06000035
0EH,E06000035
0EJ,E06000035
0EL,E06000035
0EN,E06000035
0EP,E06000035
0EW,E06000035
0HA,E06000035
0HG,E06000035
7AA,E07000109
7AB,E07000109
7AD,E07000109
7AE,E07000109
7AG,E07000109
7AH,E07000109
7AJ,E07000109
7AL,E07000109
7AQ,E06000035
7AR,E07000109
7AS,E07000109
7AT,E07000109
7AX,E07000109
7AY,E07000109
7AZ,E07000109
7BA,E07000109
7BB,E07000109
7BD,E07000109
7BE,E07000109
7BG,E07000109
7BH,E07000109
7BN,E07000109
7BP,E07000109
7BQ,E07000109
7BS,E07000109
7BT,E07000109
7BU,E07000109
7BW,E07000109
7BX,E07000109
7BY,E07000109
7BZ,E07000109
7DA,E07000109
7DB,E07000109
7DD,E07000109
7DE,E07000109
7DJ,E07000109
7DL,E07000109
7DN,E07000109
7DP,E07000109
7DR,E07000109
7DS,E07000109
7DT,E07000109
7DU,E07000109
7DX,E07000109
7DZ,E07000109
7EA,E07000109
7EB,E07000109
7ED,E07000109
7EE,E07000109
7EF,E06000035
7EG,E07000109
7EH,E07000109
7EJ,E07000109
7EL,E07000109
7EP,E07000109
7EQ,E07000109
7ER,E07000109
7EW,E07000109
7EY,E06000035
7GL,E06000035
7HA,E07000109
7HB,E07000109
7HD,E07000109
7HE,E07000109
7HH,E07000109
7HJ,E07000109
7HL,E07000109
7HN,E07000109
7HP,E07000109
7HQ,E07000109
7HR,E07000109
7HS,E07000109
7HT,E07000109
7HU,E07000109
7HW,E07000109
7HX,E07000109
7HY,E07000109
7HZ,E07000109
7JA,E07000109
7JB,E07000109
7JD,E07000109
7JE,E07000109
7JF,E07000109
7JG,E07000109
7JH,E07000109
7JL,E07000109
7JN,E07000109
7JP,E07000109
7JQ,E07000109
7JR,E07000109
7JT,E07000109
7JU,E07000109
7JW,E07000109
7JX,E07000109
7JY,E07000109
7JZ,E07000109
7LA,E07000109
7LB,E07000109
7LD,E07000109
7LE,E07000109
7LF,E07000109
7LH,E07000109
7LJ,E07000109
7LP,E07000109
7LR,E07000109
7LS,E07000109
7LT,E07000109
7LU,E07000109
7LX,E07000109
7LY,E07000109
7LZ,E07000109
7NA,E07000109
7NB,E07000109
7ND,E07000109
7NE,E07000109
7NF,E07000109
7NH,E07000109
7NJ,E07000109
7NL,E07000109
7NN,E07000109
7NQ,E07000109
7NT,E07000109
7NU,E07000109
7NW,E07000109
7NX,E07000109
7NY,E07000109
7NZ,E07000109
7PA,E07000109
7PB,E07000109
7PJ,E06000035
7PL,E06000035
7PN,E06000035
7PP,E06000035
7PT,E06000035
7PU,E06000035
7PW,E06000035
7PX,E06000035
7PY,E06000035
7PZ,E06000035
7QA,E06000035
7QB,E06000035
7QD,E06000035
7QE,E06000035
7QF,E06000035
7QJ,E06000035
7QL,E06000035
7QN,E06000035
7QP,E06000035
7QR,E06000035
7QS,E06000035
7QT,E06000035
7QW,E06000035
7QX,E06000035
7QZ,E06000035
7RA,E06000035
7RB,E06000035
7RD,E06000035
7RE,E06000035
7RF,E06000035
7RG,E06000035
7RH,E06000035
7RL,E06000035
7RN,E06000035
7RP,E06000035
7RR,E06000035
7RS,E06000035
7RT,E06000035
7RU,E06000035
7RX,E06000035
7RY,E06000035
7SA,E06000035
7SB,E06000035
7SD,E06000035
7SE,E06000035
7SF,E06000035
7SH,E06000035
7SJ,E06000035
7SL,E06000035
7SN,E06000035
7SP,E06000035
7SR,E06000035
7SS,E06000035
7ST,E06000035
7SU,E06000035
7SW,E06000035
7SX,E06000035
7SY,E06000035
7SZ,E06000035
7TG,E06000035
7TH,E06000035
7TJ,E06000035
7TL,E06000035
7TN,E06000035
7TP,E06000035
7TQ,E06000035
7TR,E06000035
7TS,E07000109
7TW,E06000035
7TX,E06000035
7TY,E06000035
7TZ,E06000035
7UA,E06000035
7UB,E06000035
7UD,E06000035
7UE,E06000035
7UF,E06000035
7UG,E06000035
7UH,E06000035
7UJ,E06000035
7UL,E06000035
7UN,E06000035
7UQ,E06000035
7UR,E06000035
7UT,E06000035
7UW,E06000035
8AA,E06000035
8AB,E06000035
8AD,E06000035
8AF,E06000035
8AG,E06000035
8AH,E06000035
8AJ,E06000035
8AL,E06000035
8AN,E06000035
8AP,E06000035
8AQ,E06000035
8AR,E06000035
8AS,E06000035
8AT,E06000035
8AU,E06000035
8AY,E06000035
8BA,E06000035
8BB,E06000035
8BD,E06000035
8BE,E06000035
8BF,E06000035
8BG,E06000035
8BH,E06000035
8BJ,E06000035
8BL,E06000035
8BN,E06000035
8BP,E06000035
8BS,E06000035
8BT,E06000035
8BU,E06000035
8BW,E06000035
8BX,E06000035
8BY,E06000035
8BZ,E06000035
8DA,E06000035
8DB,E06000035
8DD,E06000035
8DE,E06000035
8DF,E06000035
8DG,E06000035
8DH,E06000035
8DJ,E06000035
8DP,E06000035
8DQ,E06000035
8DR,E06000035
8DS,E06000035
8DT,E06000035
8DU,E06000035
8DW,E06000035
8DX,E06000035
8DZ,E06000035
8ED,E06000035
8EE,E06000035
8EF,E06000035
8EH,E06000035
8EJ,E06000035
8EL,E06000035
8EN,E06000035
8EP,E07000109
8EQ,E06000035
8ER,E06000035
8ES,E06000035
8ET,E06000035
8EU,E06000035
8EW,E06000035
8EX,E06000035
8EY,E06000035
8EZ,E06000035
8FA,E06000035
8FB,E06000035
8FD,E06000035
8FE,E06000035
8FF,E06000035
8FG,E06000035
8FH,E06000035
8FJ,E06000035
8FL,E06000035
8FN,E06000035
8FP,E06000035
8FQ,E06000035
8FR,E06000035
8FS,E06000035
8FT,E06000035
8GE,E06000035
8GF,E06000035
8GQ,E06000035
8GR,E06000035
8GS,E06000035
8GT,E06000035
8HA,E06000035
8HB,E06000035
8HD,E06000035
8HE,E06000035
8HF,E06000035
8HG,E06000035
8HH,E06000035
8HJ,E06000035
8HL,E06000035
8HN,E06000035
8HP,E06000035
8HQ,E06000035
8HR,E06000035
8HS,E06000035
8HT,E06000035
8HU,E06000035
8HW,E06000035
8HX,E06000035
8HY,E06000035
8HZ,E06000035
8JA,E06000035
8JB,E06000035
8JD,E06000035
8JE,E06000035
8JF,E06000035
8JG,E06000035
8JH,E06000035
8JJ,E06000035
8JL,E06000035
8JN,E06000035
8JP,E06000035
8JQ,E06000035
8JR,E06000035
8JS,E06000035
8JT,E06000035
8JU,E06000035
8JW,E06000035
8JX,E06000035
8JY,E06000035
8JZ,E06000035
8LA,E06000035
8LB,E06000035
8LD,E06000035
8LE,E06000035
8LF,E06000035
8LG,E06000035
8LH,E06000035
8LJ,E06000035
8LL,E06000035
8LN,E06000035
8LR,E06000035
8LT,E06000035
8LU,E06000035
8LW,E06000035
8LX,E06000035
8LY,E06000035
8LZ,E06000035
8NB,E06000035
8ND,E06000035
8NE,E06000035
8NF,E06000035
8NG,E06000035
8NH,E06000035
8NL,E06000035
8NP,E06000035
8NR,E06000035
8NS,E06000035
8NU,E06000035
8NW,E06000035
8NX,E06000035
8NY,E06000035
8NZ,E06000035
8PA,E06000035
8PB,E06000035
8PD,E06000035
8PF,E06000035
8PG,E06000035
8PH,E06000035
8PJ,E06000035
8PL,E06000035
8PN,E06000035
8PP,E06000035
8PQ,E06000035
8PR,E06000035
8PS,E06000035
8PT,E06000035
8PU,E06000035
8PW,E06000035
8PX,E06000035
8PY,E06000035
8PZ,E06000035
8QB,E06000035
8QD,E06000035
8QE,E06000035
8QF,E06000035
8QG,E06000035
8QH,E06000035
8QJ,E06000035
8QL,E06000035
8QN,E06000035
8QP,E06000035
8QQ,E06000035
8QR,E06000035
8QS,E06000035
8QT,E06000035
8QW,E06000035
8RB,E06000035
8RE,E06000035
8RF,E06000035
8RG,E06000035
8RH,E06000035
8RJ,E06000035
8RL,E06000035
8RN,E06000035
8RP,E06000035
8RR,E06000035
8RS,E06000035
8RT,E06000035
8RU,E06000035
8RW,E06000035
8RY,E06000035
8RZ,E06000035
8SA,E06000035
8SB,E06000035
8SD,E06000035
8SE,E06000035
8SF,E06000035
8SG,E06000035
8SH,E06000035
8SJ,E06000035
8SL,E06000035
8SN,E06000035
8SP,E06000035
8SQ,E06000035
8SR,E06000035
8SS,E06000035
8ST,E06000035
8SU,E06000035
8SW,E06000035
8SX,E06000035
8SY,E06000035
8TA,E06000035
8TB,E06000035
8TD,E06000035
8TE,E06000035
8TF,E06000035
8TG,E06000035
8TH,E06000035
8TJ,E06000035
8TL,E06000035
8TN,E06000035
8TP,E06000035
8TQ,E06000035
8TR,E06000035
8TS,E06000035
8TT,E06000035
8TU,E06000035
8TW,E06000035
8TX,E06000035
8TZ,E06000035
8UA,E06000035
8UB,E06000035
8UD,E06000035
8UE,E06000035
8UF,E06000035
8UG,E06000035
8UH,E06000035
8UJ,E06000035
8UL,E06000035
8UQ,E06000035
9AA,E06000035
9AB,E06000035
9AD,E06000035
9AE,E06000035
9AH,E06000035
9AJ,E06000035
9AL,E06000035
9AN,E06000035
9AP,E06000035
9AR,E06000035
9AS,E06000035
9AT,E06000035
9AW,E06000035
9AX,E06000035
9AY,E06000035
9AZ,E06000035
9BA,E06000035
9BB,E06000035
9BD,E06000035
9BE,E06000035
9BF,E06000035
9BH,E06000035
9BJ,E06000035
9BL,E06000035
9BN,E06000035
9BQ,E06000035
9BS,E06000035
9BU,E06000035
9BW,E06000035
9BX,E06000035
9BY,E06000035
9BZ,E06000035
9DA,E06000035
9DB,E06000035
9DD,E06000035
9DE,E06000035
9DF,E06000035
9DG,E06000035
9DH,E06000035
9DJ,E06000035
9DP,E06000035
9DQ,E06000035
9DR,E06000035
9DS,E06000035
9DT,E06000035
9DU,E06000035
9DW,E06000035
9DX,E06000035
9DY,E06000035
9DZ,E06000035
9EA,E06000035
9EB,E06000035
9ED,E06000035
9EE,E06000035
9EF,E06000035
9EG,E06000035
9EH,E06000035
9EJ,E06000035
9EL,E06000035
9EN,E06000035
9EP,E06000035
9ER,E06000035
9ES,E06000035
9ET,E06000035
9EU,E06000035
9EW,E06000035
9EX,E06000035
9EY,E06000035
9EZ,E06000035
9FA,E06000035
9FB,E06000035
9FD,E06000035
9FE,E06000035
9FF,E06000035
9FG,E06000035
9FH,E06000035
9FJ,E06000035
9FL,E06000035
9FN,E06000035
9FP,E06000035
9FQ,E06000035
9FR,E06000035
9FS,E06000035
9FU,E06000035
9FW,E06000035
9FX,E06000035
9FY,E06000035
9GA,E06000035
9GB,E06000035
9GD,E06000035
9GE,E06000035
9GF,E06000035
9GJ,E06000035
9GL,E06000035
9GN,E06000035
9GP,E06000035
9GQ,E06000035
9GZ,E06000035
9HA,E06000035
9HB,E06000035
9HD,E06000035
9HE,E06000035
9HF,E06000035
9HG,E06000035
9HH,E06000035
9HJ,E06000035
9HL,E06000035
9HN,E06000035
9HP,E06000035
9HQ,E06000035
9HR,E06000035
9HS,E06000035
9HT,E06000035
9HU,E06000035
9HW,E06000035
9HX,E06000035
9HY,E06000035
9HZ,E06000035
9JA,E06000035
9JB,E06000035
9JD,E06000035
9JE,E06000035
9JF,E06000035
9JG,E06000035
9JH,E06000035
9JJ,E06000035
9JL,E06000035
9JN,E06000035
9JP,E06000035
9JQ,E06000035
9JR,E06000035
9JS,E06000035
9JT,E06000035
9JU,E06000035
9JW,E06000035
9JX,E06000035
9JY,E06000035
9JZ,E06000035
9LB,E06000035
9LD,E06000035
9LF,E06000035
9LG,E06000035
9LH,E06000035
9LJ,E06000035
9LL,E06000035
9LN,E06000035
9LP,E06000035
9LQ,E06000035
9LR,E06000035
9LS,E06000035
9LT,E06000035
9LU,E06000035
9LX,E06000035
9LY,E06000035
9LZ,E06000035
9NA,E06000035
9ND,E06000035
9NH,E06000035
9NJ,E06000035
9NL,E06000035
9NN,E06000035
9NP,E06000035
9NQ,E06000035
9NR,E06000035
9NS,E06000035
9NT,E06000035
9NU,E06000035
9NW,E06000035
9NY,E06000035
9NZ,E06000035
9PA,E06000035
9PB,E06000035
9PD,E06000035
9PE,E06000035
9PF,E06000035
9PG,E06000035
9PH,E06000035
9PJ,E06000035
9PL,E06000035
9PN,E06000035
9PP,E06000035
9PQ,E06000035
9PR,E06000035
9PS,E06000035
9PT,E06000035
9PU,E06000035
9PW,E06000035
9PX,E06000035
9PY,E06000035
9PZ,E06000035
9QA,E06000035
9QB,E06000035
9QD,E06000035
9QE,E06000035
9QF,E06000035
9QG,E06000035
9QH,E06000035
9QJ,E06000035
9QL,E06000035
9QN,E06000035
9QP,E06000035
9QQ,E06000035
9QR,E06000035
9QS,E06000035
9QT,E06000035
9QU,E06000035
9QW,E06000035
9QX,E06000035
9QY,E06000035
9QZ,E06000035
9RA,E06000035
9RB,E06000035
9RD,E06000035
9RE,E06000035
9RF,E06000035
9RG,E06000035
9RH,E06000035
9RJ,E06000035
9RL,E06000035
9RN,E06000035
9RP,E06000035
9RQ,E06000035
9RR,E06000035
9RS,E06000035
9RT,E06000035
9RU,E06000035
9RW,E06000035
9RX,E06000035
9RY,E06000035
9SA,E06000035
9SB,E06000035
9SD,E06000035
9SE,E06000035
9SF,E06000035
9SG,E06000035
9SH,E06000035
9SJ,E06000035
9SL,E06000035
9SN,E06000035
9SP,E06000035
9SQ,E06000035
9SR,E06000035
9SS,E06000035
9ST,E06000035
9SU,E06000035
9SW,E06000035
9SX,E06000035
9SY,E06000035
9SZ,E06000035
9TA,E06000035
9TB,E06000035
9TD,E06000035
9TE,E06000035
9TF,E06000035
9TG,E06000035
9TH,E06000035
9TJ,E06000035
9TL,E06000035
9TP,E06000035
9TQ,E06000035
9TR,E06000035
9TW,E06000035
9TX,E06000035
9UA,E06000035
9WP,E06000035
9WQ,E06000035
9XN,E06000035
