"pc","ca"
0AA,E09000033
0AB,E09000033
0AD,E09000033
0AH,E09000033
0AJ,E09000033
0AL,E09000033
0AN,E09000033
0AP,E09000033
0AR,E09000033
0AS,E09000033
0AT,E09000033
0AU,E09000033
0AW,E09000033
0AX,E09000033
0AY,E09000033
0AZ,E09000033
0BA,E09000033
0BB,E09000033
0BD,E09000033
0BE,E09000033
0BF,E09000033
0BG,E09000033
0BH,E09000033
0BQ,E09000033
0DA,E09000033
0DB,E09000033
0DD,E09000033
0DE,E09000033
0DF,E09000033
0DG,E09000033
0DH,E09000033
0DJ,E09000033
0DL,E09000033
0DN,E09000033
0DP,E09000033
0DR,E09000033
0DS,E09000033
0DT,E09000033
0DU,E09000033
0DW,E09000033
0DX,E09000033
0DY,E09000033
0DZ,E09000033
0EA,E09000033
0ET,E09000033
0HA,E09000033
0HD,E09000033
0HE,E09000033
0HF,E09000033
0HH,E09000033
0HJ,E09000033
0LA,E09000033
0LB,E09000033
0LE,E09000033
0LF,E09000033
0LJ,E09000033
0LP,E09000033
0NX,E09000033
0PA,E09000033
0PB,E09000033
0PD,E09000033
0PE,E09000033
0PF,E09000033
0PG,E09000033
0PH,E09000033
0PJ,E09000033
0PL,E09000033
0PN,E09000033
0PP,E09000033
0PQ,E09000033
0PR,E09000033
0PS,E09000033
0PT,E09000033
0PU,E09000033
0PW,E09000033
0PX,E09000033
0PY,E09000033
0QA,E09000033
0QB,E09000033
0QD,E09000033
0QE,E09000033
0QF,E09000033
0QG,E09000033
0QH,E09000033
0QJ,E09000033
0QL,E09000033
0QN,E09000033
0QP,E09000033
0QQ,E09000033
0QR,E09000033
0QS,E09000033
0QT,E09000033
0QU,E09000033
0QW,E09000033
0QX,E09000033
0QY,E09000033
5AD,E09000033
5AE,E09000033
5AH,E09000033
5AL,E09000033
5AP,E09000033
5AR,E09000033
5AS,E09000033
5AT,E09000033
5AU,E09000033
5AW,E09000033
5AX,E09000033
5AZ,E09000033
5BA,E09000033
5BB,E09000033
5BE,E09000033
5BF,E09000033
5BG,E09000033
5BH,E09000033
5BJ,E09000033
5BL,E09000033
5BN,E09000033
5BP,E09000033
5BQ,E09000033
5BS,E09000033
5BT,E09000033
5BU,E09000033
5BW,E09000033
5BY,E09000033
5DA,E09000033
5DB,E09000033
5DD,E09000033
5DE,E09000033
5DF,E09000033
5DG,E09000033
5DH,E09000033
5DJ,E09000033
5DL,E09000033
5DN,E09000033
5DQ,E09000033
5DR,E09000033
5DS,E09000033
5DT,E09000033
5DU,E09000033
5DW,E09000033
5DX,E09000033
5DZ,E09000033
5EA,E09000033
5EB,E09000033
5ED,E09000033
5EF,E09000033
5EG,E09000033
5EH,E09000033
5EJ,E09000033
5EL,E09000033
5EN,E09000033
5EP,E09000033
5EU,E09000033
5EX,E09000033
5EZ,E09000019
5FB,E09000033
5FJ,E09000033
5HA,E09000033
5HB,E09000033
5HD,E09000033
5HE,E09000033
5HG,E09000033
5HH,E09000033
5HJ,E09000033
5HL,E09000033
5HN,E09000033
5HP,E09000033
5HQ,E09000033
5HR,E09000033
5HS,E09000033
5HU,E09000033
5HX,E09000033
5JA,E09000033
5JB,E09000033
5JD,E09000033
5JF,E09000033
5JG,E09000033
5JH,E09000033
5JJ,E09000033
5JL,E09000033
5JN,E09000033
5JQ,E09000033
5JR,E09000033
5JT,E09000033
5JU,E09000033
5JW,E09000033
5JX,E09000033
5JY,E09000033
5JZ,E09000033
5LA,E09000033
5LB,E09000033
5LD,E09000033
5LE,E09000033
5LF,E09000033
5LJ,E09000033
5LL,E09000033
5LP,E09000033
5LQ,E09000033
5LR,E09000033
5LS,E09000033
5LT,E09000033
5LU,E09000033
5LW,E09000033
5LX,E09000033
5LY,E09000033
5LZ,E09000033
5NA,E09000033
5NB,E09000033
5ND,E09000033
5NE,E09000033
5NF,E09000033
5NG,E09000033
5NH,E09000033
5NJ,E09000033
5NP,E09000033
5NQ,E09000033
5NR,E09000033
5NS,E09000033
5NT,E09000033
5NU,E09000033
5NW,E09000033
5NX,E09000033
5NY,E09000033
5PA,E09000033
5PB,E09000033
5PD,E09000033
5PE,E09000033
5PF,E09000033
5PG,E09000033
5PH,E09000033
5PN,E09000033
5PP,E09000033
5PQ,E09000033
5PR,E09000033
5PS,E09000033
5PT,E09000033
5PU,E09000033
5PX,E09000033
5PY,E09000033
5QA,E09000033
5QB,E09000033
5QD,E09000033
5QF,E09000033
5QG,E09000033
5QJ,E09000033
5QN,E09000033
5QP,E09000033
5QT,E09000033
5RB,E09000033
5RD,E09000033
5RF,E09000033
5RG,E09000033
5RH,E09000033
5RJ,E09000033
5RL,E09000033
5RN,E09000033
5RQ,E09000033
5RR,E09000033
5RX,E09000033
6AA,E09000033
6AB,E09000033
6AE,E09000033
6AF,E09000033
6AP,E09000033
6AS,E09000033
6BD,E09000033
6BQ,E09000033
6BR,E09000033
6BS,E09000033
6BT,E09000033
6BU,E09000033
6BX,E09000033
6BY,E09000033
6BZ,E09000033
6DA,E09000033
6DB,E09000033
6DD,E09000033
6DF,E09000033
6DG,E09000033
6DP,E09000033
6DR,E09000033
6DS,E09000033
6DT,E09000033
6DU,E09000033
6DX,E09000033
6DY,E09000033
6EA,E09000033
6EB,E09000033
6ED,E09000033
6EE,E09000033
6EG,E09000033
6EH,E09000033
6EJ,E09000033
6EL,E09000033
6EN,E09000033
6EQ,E09000033
6ER,E09000033
6ES,E09000033
6EX,E09000033
6HE,E09000033
6HF,E09000033
6HG,E09000033
6HH,E09000033
6HL,E09000033
6HN,E09000033
6HZ,E09000033
6JA,E09000033
6JD,E09000033
6JH,E09000033
6JQ,E09000033
6LA,E09000033
6LF,E09000033
6LH,E09000033
6LP,E09000033
6LT,E09000033
6LU,E09000033
6LX,E09000033
6LY,E09000033
6LZ,E09000033
6NB,E09000033
6ND,E09000033
6NE,E09000033
6NF,E09000033
6NG,E09000033
6NH,E09000033
6NJ,E09000033
6NL,E09000033
6NN,E09000033
6NP,E09000033
6NQ,E09000033
6NR,E09000033
6NS,E09000033
6NT,E09000033
6NU,E09000033
6NW,E09000033
6NX,E09000033
6NZ,E09000033
6PA,E09000033
6PB,E09000033
6PD,E09000033
6PT,E09000033
6PU,E09000033
6PX,E09000033
6PY,E09000033
6PZ,E09000033
6QA,E09000033
6QB,E09000033
6QD,E09000033
6QE,E09000033
6QF,E09000033
6QG,E09000033
6QH,E09000033
6QL,E09000033
6QN,E09000033
6QP,E09000033
6QQ,E09000033
6QR,E09000033
6QS,E09000033
6QT,E09000033
6QU,E09000033
6QW,E09000033
6QX,E09000033
6QY,E09000033
6QZ,E09000033
6TL,E09000033
7AA,E09000033
7AB,E09000033
7AD,E09000033
7AF,E09000033
7AG,E09000033
7AH,E09000033
7AJ,E09000033
7AL,E09000033
7AN,E09000033
7AP,E09000033
7AQ,E09000033
7AR,E09000033
7AS,E09000033
7AU,E09000033
7AW,E09000033
7AY,E09000033
7AZ,E09000033
7BA,E09000033
7BD,E09000033
7BE,E09000033
7BF,E09000033
7BG,E09000033
7BH,E09000033
7BJ,E09000033
7BN,E09000033
7BQ,E09000033
7BS,E09000033
7BT,E09000033
7BU,E09000033
7BX,E09000033
7BY,E09000033
7BZ,E09000033
7DD,E09000033
7DE,E09000033
7DF,E09000033
7DG,E09000033
7DH,E09000033
7DL,E09000033
7DP,E09000033
7DQ,E09000033
7DR,E09000033
7DZ,E09000033
7EB,E09000033
7ED,E09000033
7EF,E09000033
7EG,E09000033
7EH,E09000033
7EJ,E09000033
7EL,E09000033
7EN,E09000033
7EP,E09000033
7EQ,E09000033
7ER,E09000033
7ES,E09000033
7EW,E09000033
7EY,E09000033
7EZ,E09000033
7FU,E09000033
7FW,E09000033
7FY,E09000033
7FZ,E09000033
7HA,E09000033
7HB,E09000033
7HE,E09000033
7HJ,E09000033
7HL,E09000033
7HN,E09000033
7HP,E09000033
7HR,E09000033
7HS,E09000033
7HT,E09000033
7HU,E09000033
7HW,E09000033
7HX,E09000033
7HY,E09000033
7HZ,E09000033
7JB,E09000033
7JD,E09000033
7JE,E09000033
7JF,E09000033
7JG,E09000033
7JH,E09000033
7JJ,E09000033
7JL,E09000033
7JN,E09000033
7JP,E09000033
7JQ,E09000033
7JT,E09000033
7JU,E09000033
7JY,E09000033
7LA,E09000033
7LB,E09000033
7LD,E09000033
7LE,E09000033
7LF,E09000033
7LG,E09000033
7LJ,E09000033
7LQ,E09000033
7LS,E09000033
7LT,E09000033
7LU,E09000033
7LX,E09000033
7LY,E09000033
7NE,E09000033
7NF,E09000033
7NG,E09000033
7NH,E09000033
7NJ,E09000033
7NL,E09000033
7NN,E09000033
7NP,E09000033
7NQ,E09000033
7NR,E09000033
7NS,E09000033
7NT,E09000033
7NU,E09000033
7NW,E09000033
7PA,E09000033
7PB,E09000033
7PD,E09000033
7PE,E09000033
7PF,E09000033
7PG,E09000033
7PH,E09000033
7PJ,E09000033
7PL,E09000033
7PN,E09000033
7PP,E09000033
7PQ,E09000033
7PR,E09000033
7PS,E09000033
7PT,E09000033
7PU,E09000033
7PW,E09000033
7PX,E09000033
7PY,E09000033
7QA,E09000033
7QB,E09000033
7QD,E09000033
7QE,E09000033
7QF,E09000033
7QG,E09000033
7QH,E09000033
7QJ,E09000033
7QL,E09000033
7QN,E09000033
7QP,E09000033
7QQ,E09000033
7QR,E09000033
7QS,E09000033
7QT,E09000033
7QU,E09000033
7QW,E09000033
7QX,E09000033
7QY,E09000033
7RB,E09000033
7RE,E09000033
7RF,E09000033
7RG,E09000033
7RH,E09000033
7RJ,E09000033
7RL,E09000033
7RN,E09000033
7RP,E09000033
7RQ,E09000033
7RS,E09000033
7RT,E09000033
7RU,E09000033
7RW,E09000033
7RX,E09000033
7RY,E09000033
7RZ,E09000033
7SA,E09000033
7SD,E09000033
7SE,E09000033
7SF,E09000033
7SG,E09000033
7SH,E09000033
7SJ,E09000033
7SL,E09000033
7SN,E09000033
7SP,E09000033
7SQ,E09000033
7SR,E09000033
7SS,E09000033
7ST,E09000033
7SU,E09000033
7SW,E09000033
7SX,E09000033
7TA,E09000033
7TB,E09000033
7TD,E09000033
7TE,E09000033
7TF,E09000033
7TG,E09000033
7TH,E09000033
7TJ,E09000033
7TL,E09000033
7TN,E09000033
7TQ,E09000033
7TR,E09000033
7TS,E09000033
7TT,E09000033
7TU,E09000033
7TW,E09000033
7TX,E09000033
7TY,E09000033
7TZ,E09000033
7UA,E09000033
7UB,E09000033
7UD,E09000033
7UE,E09000033
7UF,E09000033
7UG,E09000033
7UH,E09000033
7UJ,E09000033
7UL,E09000033
7UP,E09000033
7UQ,E09000033
7UR,E09000033
7US,E09000033
7UW,E09000033
8AB,E09000033
8AE,E09000033
8AF,E09000033
8AG,E09000033
8AJ,E09000033
8AL,E09000033
8AN,E09000033
8AQ,E09000033
8BA,E09000033
8BB,E09000033
8BD,E09000033
8BE,E09000033
8BF,E09000033
8BG,E09000033
8BH,E09000033
8BJ,E09000033
8BL,E09000033
8BN,E09000033
8BP,E09000033
8BQ,E09000033
8BW,E09000033
8DJ,E09000033
8DL,E09000033
8DN,E09000033
8DP,E09000033
8DR,E09000033
8DS,E09000033
8DT,E09000033
8DU,E09000033
8DW,E09000033
8DX,E09000033
8DY,E09000033
8DZ,E09000033
8EA,E09000033
8EB,E09000033
8ED,E09000033
8EE,E09000033
8EF,E09000033
8EG,E09000033
8EH,E09000033
8EJ,E09000033
8EL,E09000033
8EN,E09000033
8EQ,E09000033
8ET,E09000033
8EU,E09000033
8EX,E09000033
8HA,E09000033
8HD,E09000033
8HP,E09000033
8HS,E09000033
8HT,E09000033
8HU,E09000033
8HX,E09000033
8HY,E09000033
8JA,E09000033
8LA,E09000033
8LB,E09000033
8LD,E09000033
8LE,E09000033
8LF,E09000033
8LG,E09000033
8LH,E09000033
8LL,E09000033
8LN,E09000033
8LP,E09000033
8LQ,E09000033
8LR,E09000033
8LT,E09000033
8LW,E09000033
8NE,E09000033
8NF,E09000033
8NL,E09000033
8NR,E09000033
8NS,E09000033
8NT,E09000033
8NX,E09000033
8NY,E09000033
8NZ,E09000033
8PB,E09000033
8PD,E09000033
8PE,E09000033
8PF,E09000033
8PG,E09000033
8QD,E09000033
8QE,E09000033
8QF,E09000033
8QG,E09000033
8QH,E09000033
8QL,E09000033
8QN,E09000033
8QP,E09000033
8QQ,E09000033
8SB,E09000033
9BR,E09000033
9BS,E09000033
9BT,E09000033
9DZ,E09000033
9EA,E09000033
9EB,E09000033
9ED,E09000033
9EE,E09000033
9EF,E09000033
9EG,E09000033
9EH,E09000033
9EJ,E09000033
9EN,E09000033
9EQ,E09000033
9ER,E09000033
9ES,E09000033
9ET,E09000033
9EU,E09000033
9EX,E09000033
9EY,E09000033
9EZ,E09000033
9HA,E09000033
9HB,E09000033
9HD,E09000033
9HF,E09000033
9HL,E09000033
9HN,E09000033
9HP,E09000033
9HR,E09000033
9HS,E09000033
9HT,E09000033
9HU,E09000033
9HW,E09000033
9LE,E09000033
9LL,E09000033
9LN,E09000033
9TB,E09000033
9YY,E09000019
